step: 0	0	(0, 1)
step: 1	0.03125	(0, 1.03125)
step: 2	0.0625	(0.000976563, 1.06348)
step: 3	0.09375	(0.00292969, 1.09671)
step: 4	0.125	(0.00585938, 1.13098)
step: 5	0.15625	(0.00976563, 1.16633)
step: 6	0.1875	(0.0146484, 1.20277)
step: 7	0.21875	(0.0205078, 1.24036)
step: 8	0.25	(0.0273438, 1.27912)
step: 9	0.28125	(0.0351563, 1.31909)
step: 10	0.3125	(0.0439453, 1.36032)
step: 11	0.34375	(0.0537109, 1.40283)
step: 12	0.375	(0.0644531, 1.44666)
step: 13	0.40625	(0.0761719, 1.49187)
step: 14	0.4375	(0.0888672, 1.53849)
step: 15	0.46875	(0.102539, 1.58657)
step: 16	0.5	(0.117188, 1.63615)
step: 17	0.53125	(0.132813, 1.68728)
step: 18	0.5625	(0.149414, 1.74001)
step: 19	0.59375	(0.166992, 1.79438)
step: 20	0.625	(0.185547, 1.85046)
step: 21	0.65625	(0.205078, 1.90828)
step: 22	0.6875	(0.225586, 1.96792)
step: 23	0.71875	(0.24707, 2.02942)
step: 24	0.75	(0.269531, 2.09284)
step: 25	0.78125	(0.292969, 2.15824)
step: 26	0.8125	(0.317383, 2.22568)
step: 27	0.84375	(0.342773, 2.29523)
step: 28	0.875	(0.369141, 2.36696)
step: 29	0.90625	(0.396484, 2.44093)
step: 30	0.9375	(0.424805, 2.51721)
step: 31	0.96875	(0.454102, 2.59587)
step: 32	1	(0.484375, 2.67699)
