step: 0	0	(0, 1)
step: 1	0.0078125	(0, 1.00781)
step: 2	0.015625	(6.10352e-05, 1.01569)
step: 3	0.0234375	(0.000183105, 1.02362)
step: 4	0.03125	(0.000366211, 1.03162)
step: 5	0.0390625	(0.000610352, 1.03968)
step: 6	0.046875	(0.000915527, 1.0478)
step: 7	0.0546875	(0.00128174, 1.05599)
step: 8	0.0625	(0.00170898, 1.06424)
step: 9	0.0703125	(0.00219727, 1.07255)
step: 10	0.078125	(0.00274658, 1.08093)
step: 11	0.0859375	(0.00335693, 1.08937)
step: 12	0.09375	(0.00402832, 1.09789)
step: 13	0.101563	(0.00476074, 1.10646)
step: 14	0.109375	(0.0055542, 1.11511)
step: 15	0.117188	(0.00640869, 1.12382)
step: 16	0.125	(0.00732422, 1.1326)
step: 17	0.132813	(0.00830078, 1.14145)
step: 18	0.140625	(0.00933838, 1.15036)
step: 19	0.148438	(0.010437, 1.15935)
step: 20	0.15625	(0.0115967, 1.16841)
step: 21	0.164063	(0.0128174, 1.17754)
step: 22	0.171875	(0.0140991, 1.18674)
step: 23	0.179688	(0.0154419, 1.19601)
step: 24	0.1875	(0.0168457, 1.20535)
step: 25	0.195313	(0.0183105, 1.21477)
step: 26	0.203125	(0.0198364, 1.22426)
step: 27	0.210938	(0.0214233, 1.23382)
step: 28	0.21875	(0.0230713, 1.24346)
step: 29	0.226563	(0.0247803, 1.25318)
step: 30	0.234375	(0.0265503, 1.26297)
step: 31	0.242188	(0.0283813, 1.27283)
step: 32	0.25	(0.0302734, 1.28278)
step: 33	0.257813	(0.0322266, 1.2928)
step: 34	0.265625	(0.0342407, 1.3029)
step: 35	0.273438	(0.0363159, 1.31308)
step: 36	0.28125	(0.0384521, 1.32334)
step: 37	0.289063	(0.0406494, 1.33368)
step: 38	0.296875	(0.0429077, 1.3441)
step: 39	0.304688	(0.0452271, 1.3546)
step: 40	0.3125	(0.0476074, 1.36518)
step: 41	0.320313	(0.0500488, 1.37584)
step: 42	0.328125	(0.0525513, 1.38659)
step: 43	0.335938	(0.0551147, 1.39743)
step: 44	0.34375	(0.0577393, 1.40834)
step: 45	0.351563	(0.0604248, 1.41935)
step: 46	0.359375	(0.0631714, 1.43043)
step: 47	0.367188	(0.065979, 1.44161)
step: 48	0.375	(0.0688477, 1.45287)
step: 49	0.382813	(0.0717773, 1.46422)
step: 50	0.390625	(0.0747681, 1.47566)
step: 51	0.398438	(0.0778198, 1.48719)
step: 52	0.40625	(0.0809326, 1.49881)
step: 53	0.414063	(0.0841064, 1.51052)
step: 54	0.421875	(0.0873413, 1.52232)
step: 55	0.429688	(0.0906372, 1.53421)
step: 56	0.4375	(0.0939941, 1.5462)
step: 57	0.445313	(0.0974121, 1.55828)
step: 58	0.453125	(0.100891, 1.57045)
step: 59	0.460938	(0.104431, 1.58272)
step: 60	0.46875	(0.108032, 1.59509)
step: 61	0.476563	(0.111694, 1.60755)
step: 62	0.484375	(0.115417, 1.62011)
step: 63	0.492188	(0.119202, 1.63276)
step: 64	0.5	(0.123047, 1.64552)
step: 65	0.507813	(0.126953, 1.65838)
step: 66	0.515625	(0.13092, 1.67133)
step: 67	0.523438	(0.134949, 1.68439)
step: 68	0.53125	(0.139038, 1.69755)
step: 69	0.539063	(0.143188, 1.71081)
step: 70	0.546875	(0.1474, 1.72418)
step: 71	0.554688	(0.151672, 1.73765)
step: 72	0.5625	(0.156006, 1.75122)
step: 73	0.570313	(0.1604, 1.7649)
step: 74	0.578125	(0.164856, 1.77869)
step: 75	0.585938	(0.169373, 1.79259)
step: 76	0.59375	(0.17395, 1.80659)
step: 77	0.601563	(0.178589, 1.82071)
step: 78	0.609375	(0.183289, 1.83493)
step: 79	0.617188	(0.188049, 1.84927)
step: 80	0.625	(0.192871, 1.86371)
step: 81	0.632813	(0.197754, 1.87827)
step: 82	0.640625	(0.202698, 1.89295)
step: 83	0.648438	(0.207703, 1.90774)
step: 84	0.65625	(0.212769, 1.92264)
step: 85	0.664063	(0.217896, 1.93766)
step: 86	0.671875	(0.223083, 1.9528)
step: 87	0.679688	(0.228333, 1.96806)
step: 88	0.6875	(0.233643, 1.98343)
step: 89	0.695313	(0.239014, 1.99893)
step: 90	0.703125	(0.244446, 2.01454)
step: 91	0.710938	(0.249939, 2.03028)
step: 92	0.71875	(0.255493, 2.04614)
step: 93	0.726563	(0.261108, 2.06213)
step: 94	0.734375	(0.266785, 2.07824)
step: 95	0.742188	(0.272522, 2.09448)
step: 96	0.75	(0.27832, 2.11084)
step: 97	0.757813	(0.28418, 2.12733)
step: 98	0.765625	(0.2901, 2.14395)
step: 99	0.773438	(0.296082, 2.1607)
step: 100	0.78125	(0.302124, 2.17758)
step: 101	0.789063	(0.308228, 2.19459)
step: 102	0.796875	(0.314392, 2.21174)
step: 103	0.804688	(0.320618, 2.22902)
step: 104	0.8125	(0.326904, 2.24643)
step: 105	0.820313	(0.333252, 2.26398)
step: 106	0.828125	(0.339661, 2.28167)
step: 107	0.835938	(0.34613, 2.29949)
step: 108	0.84375	(0.352661, 2.31746)
step: 109	0.851563	(0.359253, 2.33556)
step: 110	0.859375	(0.365906, 2.35381)
step: 111	0.867188	(0.37262, 2.3722)
step: 112	0.875	(0.379395, 2.39073)
step: 113	0.882813	(0.38623, 2.40941)
step: 114	0.890625	(0.393127, 2.42823)
step: 115	0.898438	(0.400085, 2.4472)
step: 116	0.90625	(0.407104, 2.46632)
step: 117	0.914063	(0.414185, 2.48559)
step: 118	0.921875	(0.421326, 2.50501)
step: 119	0.929688	(0.428528, 2.52458)
step: 120	0.9375	(0.435791, 2.5443)
step: 121	0.945313	(0.443115, 2.56418)
step: 122	0.953125	(0.4505, 2.58421)
step: 123	0.960938	(0.457947, 2.6044)
step: 124	0.96875	(0.465454, 2.62475)
step: 125	0.976563	(0.473022, 2.64526)
step: 126	0.984375	(0.480652, 2.66592)
step: 127	0.992188	(0.488342, 2.68675)
step: 128	1	(0.496094, 2.70774)
