step: 0	0	(0, 1)
step: 1	0.00195313	(0, 1.00195)
step: 2	0.00390625	(3.8147e-06, 1.00391)
step: 3	0.00585938	(1.14441e-05, 1.00587)
step: 4	0.0078125	(2.28882e-05, 1.00784)
step: 5	0.00976563	(3.8147e-05, 1.0098)
step: 6	0.0117188	(5.72205e-05, 1.01178)
step: 7	0.0136719	(8.01086e-05, 1.01375)
step: 8	0.015625	(0.000106812, 1.01573)
step: 9	0.0175781	(0.000137329, 1.01772)
step: 10	0.0195313	(0.000171661, 1.0197)
step: 11	0.0214844	(0.000209808, 1.0217)
step: 12	0.0234375	(0.00025177, 1.02369)
step: 13	0.0253906	(0.000297546, 1.02569)
step: 14	0.0273438	(0.000347137, 1.02769)
step: 15	0.0292969	(0.000400543, 1.0297)
step: 16	0.03125	(0.000457764, 1.03171)
step: 17	0.0332031	(0.000518799, 1.03373)
step: 18	0.0351563	(0.000583649, 1.03575)
step: 19	0.0371094	(0.000652313, 1.03777)
step: 20	0.0390625	(0.000724792, 1.0398)
step: 21	0.0410156	(0.000801086, 1.04183)
step: 22	0.0429688	(0.000881195, 1.04386)
step: 23	0.0449219	(0.000965118, 1.0459)
step: 24	0.046875	(0.00105286, 1.04794)
step: 25	0.0488281	(0.00114441, 1.04999)
step: 26	0.0507813	(0.00123978, 1.05204)
step: 27	0.0527344	(0.00133896, 1.0541)
step: 28	0.0546875	(0.00144196, 1.05615)
step: 29	0.0566406	(0.00154877, 1.05822)
step: 30	0.0585938	(0.00165939, 1.06028)
step: 31	0.0605469	(0.00177383, 1.06235)
step: 32	0.0625	(0.00189209, 1.06443)
step: 33	0.0644531	(0.00201416, 1.06651)
step: 34	0.0664063	(0.00214005, 1.06859)
step: 35	0.0683594	(0.00226974, 1.07068)
step: 36	0.0703125	(0.00240326, 1.07277)
step: 37	0.0722656	(0.00254059, 1.07487)
step: 38	0.0742188	(0.00268173, 1.07696)
step: 39	0.0761719	(0.00282669, 1.07907)
step: 40	0.078125	(0.00297546, 1.08118)
step: 41	0.0800781	(0.00312805, 1.08329)
step: 42	0.0820313	(0.00328445, 1.0854)
step: 43	0.0839844	(0.00344467, 1.08752)
step: 44	0.0859375	(0.0036087, 1.08965)
step: 45	0.0878906	(0.00377655, 1.09178)
step: 46	0.0898438	(0.00394821, 1.09391)
step: 47	0.0917969	(0.00412369, 1.09604)
step: 48	0.09375	(0.00430298, 1.09818)
step: 49	0.0957031	(0.00448608, 1.10033)
step: 50	0.0976563	(0.004673, 1.10248)
step: 51	0.0996094	(0.00486374, 1.10463)
step: 52	0.101563	(0.00505829, 1.10679)
step: 53	0.103516	(0.00525665, 1.10895)
step: 54	0.105469	(0.00545883, 1.11112)
step: 55	0.107422	(0.00566483, 1.11329)
step: 56	0.109375	(0.00587463, 1.11546)
step: 57	0.111328	(0.00608826, 1.11764)
step: 58	0.113281	(0.00630569, 1.11982)
step: 59	0.115234	(0.00652695, 1.12201)
step: 60	0.117188	(0.00675201, 1.1242)
step: 61	0.119141	(0.0069809, 1.1264)
step: 62	0.121094	(0.00721359, 1.1286)
step: 63	0.123047	(0.0074501, 1.1308)
step: 64	0.125	(0.00769043, 1.13301)
step: 65	0.126953	(0.00793457, 1.13522)
step: 66	0.128906	(0.00818253, 1.13744)
step: 67	0.130859	(0.0084343, 1.13966)
step: 68	0.132813	(0.00868988, 1.14189)
step: 69	0.134766	(0.00894928, 1.14412)
step: 70	0.136719	(0.00921249, 1.14635)
step: 71	0.138672	(0.00947952, 1.14859)
step: 72	0.140625	(0.00975037, 1.15084)
step: 73	0.142578	(0.010025, 1.15308)
step: 74	0.144531	(0.0103035, 1.15533)
step: 75	0.146484	(0.0105858, 1.15759)
step: 76	0.148438	(0.0108719, 1.15985)
step: 77	0.150391	(0.0111618, 1.16212)
step: 78	0.152344	(0.0114555, 1.16439)
step: 79	0.154297	(0.0117531, 1.16666)
step: 80	0.15625	(0.0120544, 1.16894)
step: 81	0.158203	(0.0123596, 1.17122)
step: 82	0.160156	(0.0126686, 1.17351)
step: 83	0.162109	(0.0129814, 1.1758)
step: 84	0.164063	(0.013298, 1.1781)
step: 85	0.166016	(0.0136185, 1.1804)
step: 86	0.167969	(0.0139427, 1.18271)
step: 87	0.169922	(0.0142708, 1.18502)
step: 88	0.171875	(0.0146027, 1.18733)
step: 89	0.173828	(0.0149384, 1.18965)
step: 90	0.175781	(0.0152779, 1.19197)
step: 91	0.177734	(0.0156212, 1.1943)
step: 92	0.179688	(0.0159683, 1.19663)
step: 93	0.181641	(0.0163193, 1.19897)
step: 94	0.183594	(0.016674, 1.20131)
step: 95	0.185547	(0.0170326, 1.20366)
step: 96	0.1875	(0.017395, 1.20601)
step: 97	0.189453	(0.0177612, 1.20837)
step: 98	0.191406	(0.0181313, 1.21073)
step: 99	0.193359	(0.0185051, 1.21309)
step: 100	0.195313	(0.0188828, 1.21546)
step: 101	0.197266	(0.0192642, 1.21783)
step: 102	0.199219	(0.0196495, 1.22021)
step: 103	0.201172	(0.0200386, 1.2226)
step: 104	0.203125	(0.0204315, 1.22498)
step: 105	0.205078	(0.0208282, 1.22738)
step: 106	0.207031	(0.0212288, 1.22977)
step: 107	0.208984	(0.0216331, 1.23217)
step: 108	0.210938	(0.0220413, 1.23458)
step: 109	0.212891	(0.0224533, 1.23699)
step: 110	0.214844	(0.0228691, 1.23941)
step: 111	0.216797	(0.0232887, 1.24183)
step: 112	0.21875	(0.0237122, 1.24425)
step: 113	0.220703	(0.0241394, 1.24668)
step: 114	0.222656	(0.0245705, 1.24912)
step: 115	0.224609	(0.0250053, 1.25156)
step: 116	0.226563	(0.025444, 1.254)
step: 117	0.228516	(0.0258865, 1.25645)
step: 118	0.230469	(0.0263329, 1.25891)
step: 119	0.232422	(0.026783, 1.26137)
step: 120	0.234375	(0.0272369, 1.26383)
step: 121	0.236328	(0.0276947, 1.2663)
step: 122	0.238281	(0.0281563, 1.26877)
step: 123	0.240234	(0.0286217, 1.27125)
step: 124	0.242188	(0.0290909, 1.27373)
step: 125	0.244141	(0.0295639, 1.27622)
step: 126	0.246094	(0.0300407, 1.27871)
step: 127	0.248047	(0.0305214, 1.28121)
step: 128	0.25	(0.0310059, 1.28371)
step: 129	0.251953	(0.0314941, 1.28622)
step: 130	0.253906	(0.0319862, 1.28873)
step: 131	0.255859	(0.0324821, 1.29125)
step: 132	0.257813	(0.0329819, 1.29377)
step: 133	0.259766	(0.0334854, 1.2963)
step: 134	0.261719	(0.0339928, 1.29883)
step: 135	0.263672	(0.0345039, 1.30137)
step: 136	0.265625	(0.0350189, 1.30391)
step: 137	0.267578	(0.0355377, 1.30645)
step: 138	0.269531	(0.0360603, 1.30901)
step: 139	0.271484	(0.0365868, 1.31156)
step: 140	0.273438	(0.037117, 1.31412)
step: 141	0.275391	(0.0376511, 1.31669)
step: 142	0.277344	(0.0381889, 1.31926)
step: 143	0.279297	(0.0387306, 1.32184)
step: 144	0.28125	(0.0392761, 1.32442)
step: 145	0.283203	(0.0398254, 1.32701)
step: 146	0.285156	(0.0403786, 1.3296)
step: 147	0.287109	(0.0409355, 1.3322)
step: 148	0.289063	(0.0414963, 1.3348)
step: 149	0.291016	(0.0420609, 1.33741)
step: 150	0.292969	(0.0426292, 1.34002)
step: 151	0.294922	(0.0432014, 1.34264)
step: 152	0.296875	(0.0437775, 1.34526)
step: 153	0.298828	(0.0443573, 1.34788)
step: 154	0.300781	(0.0449409, 1.35052)
step: 155	0.302734	(0.0455284, 1.35316)
step: 156	0.304688	(0.0461197, 1.3558)
step: 157	0.306641	(0.0467148, 1.35845)
step: 158	0.308594	(0.0473137, 1.3611)
step: 159	0.310547	(0.0479164, 1.36376)
step: 160	0.3125	(0.0485229, 1.36642)
step: 161	0.314453	(0.0491333, 1.36909)
step: 162	0.316406	(0.0497475, 1.37176)
step: 163	0.318359	(0.0503654, 1.37444)
step: 164	0.320313	(0.0509872, 1.37713)
step: 165	0.322266	(0.0516129, 1.37982)
step: 166	0.324219	(0.0522423, 1.38251)
step: 167	0.326172	(0.0528755, 1.38521)
step: 168	0.328125	(0.0535126, 1.38792)
step: 169	0.330078	(0.0541534, 1.39063)
step: 170	0.332031	(0.0547981, 1.39335)
step: 171	0.333984	(0.0554466, 1.39607)
step: 172	0.335938	(0.0560989, 1.39879)
step: 173	0.337891	(0.0567551, 1.40153)
step: 174	0.339844	(0.057415, 1.40426)
step: 175	0.341797	(0.0580788, 1.40701)
step: 176	0.34375	(0.0587463, 1.40975)
step: 177	0.345703	(0.0594177, 1.41251)
step: 178	0.347656	(0.0600929, 1.41527)
step: 179	0.349609	(0.0607719, 1.41803)
step: 180	0.351563	(0.0614548, 1.4208)
step: 181	0.353516	(0.0621414, 1.42357)
step: 182	0.355469	(0.0628319, 1.42635)
step: 183	0.357422	(0.0635262, 1.42914)
step: 184	0.359375	(0.0642242, 1.43193)
step: 185	0.361328	(0.0649261, 1.43473)
step: 186	0.363281	(0.0656319, 1.43753)
step: 187	0.365234	(0.0663414, 1.44034)
step: 188	0.367188	(0.0670547, 1.44315)
step: 189	0.369141	(0.0677719, 1.44597)
step: 190	0.371094	(0.0684929, 1.44879)
step: 191	0.373047	(0.0692177, 1.45162)
step: 192	0.375	(0.0699463, 1.45446)
step: 193	0.376953	(0.0706787, 1.4573)
step: 194	0.378906	(0.0714149, 1.46015)
step: 195	0.380859	(0.072155, 1.463)
step: 196	0.382813	(0.0728989, 1.46586)
step: 197	0.384766	(0.0736465, 1.46872)
step: 198	0.386719	(0.074398, 1.47159)
step: 199	0.388672	(0.0751534, 1.47446)
step: 200	0.390625	(0.0759125, 1.47734)
step: 201	0.392578	(0.0766754, 1.48023)
step: 202	0.394531	(0.0774422, 1.48312)
step: 203	0.396484	(0.0782127, 1.48601)
step: 204	0.398438	(0.0789871, 1.48892)
step: 205	0.400391	(0.0797653, 1.49182)
step: 206	0.402344	(0.0805473, 1.49474)
step: 207	0.404297	(0.0813332, 1.49766)
step: 208	0.40625	(0.0821228, 1.50058)
step: 209	0.408203	(0.0829163, 1.50351)
step: 210	0.410156	(0.0837135, 1.50645)
step: 211	0.412109	(0.0845146, 1.50939)
step: 212	0.414063	(0.0853195, 1.51234)
step: 213	0.416016	(0.0861282, 1.51529)
step: 214	0.417969	(0.0869408, 1.51825)
step: 215	0.419922	(0.0877571, 1.52122)
step: 216	0.421875	(0.0885773, 1.52419)
step: 217	0.423828	(0.0894012, 1.52717)
step: 218	0.425781	(0.090229, 1.53015)
step: 219	0.427734	(0.0910606, 1.53314)
step: 220	0.429688	(0.0918961, 1.53613)
step: 221	0.431641	(0.0927353, 1.53913)
step: 222	0.433594	(0.0935783, 1.54214)
step: 223	0.435547	(0.0944252, 1.54515)
step: 224	0.4375	(0.0952759, 1.54817)
step: 225	0.439453	(0.0961304, 1.55119)
step: 226	0.441406	(0.0969887, 1.55422)
step: 227	0.443359	(0.0978508, 1.55726)
step: 228	0.445313	(0.0987167, 1.5603)
step: 229	0.447266	(0.0995865, 1.56335)
step: 230	0.449219	(0.10046, 1.5664)
step: 231	0.451172	(0.101337, 1.56946)
step: 232	0.453125	(0.102219, 1.57253)
step: 233	0.455078	(0.103104, 1.5756)
step: 234	0.457031	(0.103992, 1.57867)
step: 235	0.458984	(0.104885, 1.58176)
step: 236	0.460938	(0.105782, 1.58485)
step: 237	0.462891	(0.106682, 1.58794)
step: 238	0.464844	(0.107586, 1.59104)
step: 239	0.466797	(0.108494, 1.59415)
step: 240	0.46875	(0.109406, 1.59727)
step: 241	0.470703	(0.110321, 1.60038)
step: 242	0.472656	(0.11124, 1.60351)
step: 243	0.474609	(0.112164, 1.60664)
step: 244	0.476563	(0.113091, 1.60978)
step: 245	0.478516	(0.114021, 1.61292)
step: 246	0.480469	(0.114956, 1.61607)
step: 247	0.482422	(0.115894, 1.61923)
step: 248	0.484375	(0.116837, 1.62239)
step: 249	0.486328	(0.117783, 1.62556)
step: 250	0.488281	(0.118732, 1.62874)
step: 251	0.490234	(0.119686, 1.63192)
step: 252	0.492188	(0.120644, 1.63511)
step: 253	0.494141	(0.121605, 1.6383)
step: 254	0.496094	(0.12257, 1.6415)
step: 255	0.498047	(0.123539, 1.64471)
step: 256	0.5	(0.124512, 1.64792)
step: 257	0.501953	(0.125488, 1.65114)
step: 258	0.503906	(0.126469, 1.65436)
step: 259	0.505859	(0.127453, 1.65759)
step: 260	0.507813	(0.128441, 1.66083)
step: 261	0.509766	(0.129433, 1.66407)
step: 262	0.511719	(0.130428, 1.66732)
step: 263	0.513672	(0.131428, 1.67058)
step: 264	0.515625	(0.132431, 1.67384)
step: 265	0.517578	(0.133438, 1.67711)
step: 266	0.519531	(0.134449, 1.68039)
step: 267	0.521484	(0.135464, 1.68367)
step: 268	0.523438	(0.136482, 1.68696)
step: 269	0.525391	(0.137505, 1.69025)
step: 270	0.527344	(0.138531, 1.69355)
step: 271	0.529297	(0.139561, 1.69686)
step: 272	0.53125	(0.140594, 1.70018)
step: 273	0.533203	(0.141632, 1.7035)
step: 274	0.535156	(0.142673, 1.70682)
step: 275	0.537109	(0.143719, 1.71016)
step: 276	0.539063	(0.144768, 1.7135)
step: 277	0.541016	(0.145821, 1.71684)
step: 278	0.542969	(0.146877, 1.7202)
step: 279	0.544922	(0.147938, 1.72356)
step: 280	0.546875	(0.149002, 1.72692)
step: 281	0.548828	(0.15007, 1.7303)
step: 282	0.550781	(0.151142, 1.73368)
step: 283	0.552734	(0.152218, 1.73706)
step: 284	0.554688	(0.153297, 1.74045)
step: 285	0.556641	(0.154381, 1.74385)
step: 286	0.558594	(0.155468, 1.74726)
step: 287	0.560547	(0.156559, 1.75067)
step: 288	0.5625	(0.157654, 1.75409)
step: 289	0.564453	(0.158752, 1.75752)
step: 290	0.566406	(0.159855, 1.76095)
step: 291	0.568359	(0.160961, 1.76439)
step: 292	0.570313	(0.162071, 1.76784)
step: 293	0.572266	(0.163185, 1.77129)
step: 294	0.574219	(0.164303, 1.77475)
step: 295	0.576172	(0.165424, 1.77821)
step: 296	0.578125	(0.16655, 1.78169)
step: 297	0.580078	(0.167679, 1.78517)
step: 298	0.582031	(0.168812, 1.78865)
step: 299	0.583984	(0.169949, 1.79215)
step: 300	0.585938	(0.171089, 1.79565)
step: 301	0.587891	(0.172234, 1.79916)
step: 302	0.589844	(0.173382, 1.80267)
step: 303	0.591797	(0.174534, 1.80619)
step: 304	0.59375	(0.17569, 1.80972)
step: 305	0.595703	(0.176849, 1.81325)
step: 306	0.597656	(0.178013, 1.81679)
step: 307	0.599609	(0.17918, 1.82034)
step: 308	0.601563	(0.180351, 1.8239)
step: 309	0.603516	(0.181526, 1.82746)
step: 310	0.605469	(0.182705, 1.83103)
step: 311	0.607422	(0.183887, 1.83461)
step: 312	0.609375	(0.185074, 1.83819)
step: 313	0.611328	(0.186264, 1.84178)
step: 314	0.613281	(0.187458, 1.84538)
step: 315	0.615234	(0.188656, 1.84898)
step: 316	0.617188	(0.189857, 1.85259)
step: 317	0.619141	(0.191063, 1.85621)
step: 318	0.621094	(0.192272, 1.85984)
step: 319	0.623047	(0.193485, 1.86347)
step: 320	0.625	(0.194702, 1.86711)
step: 321	0.626953	(0.195923, 1.87075)
step: 322	0.628906	(0.197147, 1.87441)
step: 323	0.630859	(0.198376, 1.87807)
step: 324	0.632813	(0.199608, 1.88174)
step: 325	0.634766	(0.200844, 1.88541)
step: 326	0.636719	(0.202084, 1.88909)
step: 327	0.638672	(0.203327, 1.89278)
step: 328	0.640625	(0.204575, 1.89648)
step: 329	0.642578	(0.205826, 1.90019)
step: 330	0.644531	(0.207081, 1.9039)
step: 331	0.646484	(0.20834, 1.90762)
step: 332	0.648438	(0.209602, 1.91134)
step: 333	0.650391	(0.210869, 1.91507)
step: 334	0.652344	(0.212139, 1.91881)
step: 335	0.654297	(0.213413, 1.92256)
step: 336	0.65625	(0.214691, 1.92632)
step: 337	0.658203	(0.215973, 1.93008)
step: 338	0.660156	(0.217258, 1.93385)
step: 339	0.662109	(0.218548, 1.93763)
step: 340	0.664063	(0.219841, 1.94141)
step: 341	0.666016	(0.221138, 1.9452)
step: 342	0.667969	(0.222439, 1.949)
step: 343	0.669922	(0.223743, 1.95281)
step: 344	0.671875	(0.225052, 1.95662)
step: 345	0.673828	(0.226364, 1.96044)
step: 346	0.675781	(0.22768, 1.96427)
step: 347	0.677734	(0.229, 1.96811)
step: 348	0.679688	(0.230324, 1.97195)
step: 349	0.681641	(0.231651, 1.9758)
step: 350	0.683594	(0.232983, 1.97966)
step: 351	0.685547	(0.234318, 1.98353)
step: 352	0.6875	(0.235657, 1.9874)
step: 353	0.689453	(0.237, 1.99129)
step: 354	0.691406	(0.238346, 1.99518)
step: 355	0.693359	(0.239697, 1.99907)
step: 356	0.695313	(0.241051, 2.00298)
step: 357	0.697266	(0.242409, 2.00689)
step: 358	0.699219	(0.243771, 2.01081)
step: 359	0.701172	(0.245136, 2.01474)
step: 360	0.703125	(0.246506, 2.01867)
step: 361	0.705078	(0.247879, 2.02261)
step: 362	0.707031	(0.249256, 2.02656)
step: 363	0.708984	(0.250637, 2.03052)
step: 364	0.710938	(0.252022, 2.03449)
step: 365	0.712891	(0.25341, 2.03846)
step: 366	0.714844	(0.254803, 2.04244)
step: 367	0.716797	(0.256199, 2.04643)
step: 368	0.71875	(0.257599, 2.05043)
step: 369	0.720703	(0.259003, 2.05443)
step: 370	0.722656	(0.26041, 2.05845)
step: 371	0.724609	(0.261822, 2.06247)
step: 372	0.726563	(0.263237, 2.06649)
step: 373	0.728516	(0.264656, 2.07053)
step: 374	0.730469	(0.266079, 2.07458)
step: 375	0.732422	(0.267506, 2.07863)
step: 376	0.734375	(0.268936, 2.08269)
step: 377	0.736328	(0.27037, 2.08675)
step: 378	0.738281	(0.271809, 2.09083)
step: 379	0.740234	(0.273251, 2.09491)
step: 380	0.742188	(0.274696, 2.09901)
step: 381	0.744141	(0.276146, 2.10311)
step: 382	0.746094	(0.277599, 2.10721)
step: 383	0.748047	(0.279057, 2.11133)
step: 384	0.75	(0.280518, 2.11545)
step: 385	0.751953	(0.281982, 2.11958)
step: 386	0.753906	(0.283451, 2.12372)
step: 387	0.755859	(0.284924, 2.12787)
step: 388	0.757813	(0.2864, 2.13203)
step: 389	0.759766	(0.28788, 2.13619)
step: 390	0.761719	(0.289364, 2.14036)
step: 391	0.763672	(0.290852, 2.14454)
step: 392	0.765625	(0.292343, 2.14873)
step: 393	0.767578	(0.293839, 2.15293)
step: 394	0.769531	(0.295338, 2.15713)
step: 395	0.771484	(0.296841, 2.16135)
step: 396	0.773438	(0.298347, 2.16557)
step: 397	0.775391	(0.299858, 2.1698)
step: 398	0.777344	(0.301373, 2.17404)
step: 399	0.779297	(0.302891, 2.17828)
step: 400	0.78125	(0.304413, 2.18254)
step: 401	0.783203	(0.305939, 2.1868)
step: 402	0.785156	(0.307468, 2.19107)
step: 403	0.787109	(0.309002, 2.19535)
step: 404	0.789063	(0.310539, 2.19964)
step: 405	0.791016	(0.31208, 2.20393)
step: 406	0.792969	(0.313625, 2.20824)
step: 407	0.794922	(0.315174, 2.21255)
step: 408	0.796875	(0.316727, 2.21687)
step: 409	0.798828	(0.318283, 2.2212)
step: 410	0.800781	(0.319843, 2.22554)
step: 411	0.802734	(0.321407, 2.22989)
step: 412	0.804688	(0.322975, 2.23424)
step: 413	0.806641	(0.324547, 2.23861)
step: 414	0.808594	(0.326122, 2.24298)
step: 415	0.810547	(0.327702, 2.24736)
step: 416	0.8125	(0.329285, 2.25175)
step: 417	0.814453	(0.330872, 2.25615)
step: 418	0.816406	(0.332462, 2.26055)
step: 419	0.818359	(0.334057, 2.26497)
step: 420	0.820313	(0.335655, 2.26939)
step: 421	0.822266	(0.337257, 2.27383)
step: 422	0.824219	(0.338863, 2.27827)
step: 423	0.826172	(0.340473, 2.28272)
step: 424	0.828125	(0.342087, 2.28717)
step: 425	0.830078	(0.343704, 2.29164)
step: 426	0.832031	(0.345325, 2.29612)
step: 427	0.833984	(0.346951, 2.3006)
step: 428	0.835938	(0.348579, 2.3051)
step: 429	0.837891	(0.350212, 2.3096)
step: 430	0.839844	(0.351849, 2.31411)
step: 431	0.841797	(0.353489, 2.31863)
step: 432	0.84375	(0.355133, 2.32316)
step: 433	0.845703	(0.356781, 2.32769)
step: 434	0.847656	(0.358433, 2.33224)
step: 435	0.849609	(0.360088, 2.3368)
step: 436	0.851563	(0.361748, 2.34136)
step: 437	0.853516	(0.363411, 2.34593)
step: 438	0.855469	(0.365078, 2.35051)
step: 439	0.857422	(0.366749, 2.35511)
step: 440	0.859375	(0.368423, 2.35971)
step: 441	0.861328	(0.370102, 2.36431)
step: 442	0.863281	(0.371784, 2.36893)
step: 443	0.865234	(0.37347, 2.37356)
step: 444	0.867188	(0.37516, 2.37819)
step: 445	0.869141	(0.376854, 2.38284)
step: 446	0.871094	(0.378551, 2.38749)
step: 447	0.873047	(0.380253, 2.39216)
step: 448	0.875	(0.381958, 2.39683)
step: 449	0.876953	(0.383667, 2.40151)
step: 450	0.878906	(0.38538, 2.4062)
step: 451	0.880859	(0.387096, 2.4109)
step: 452	0.882813	(0.388817, 2.41561)
step: 453	0.884766	(0.390541, 2.42033)
step: 454	0.886719	(0.392269, 2.42505)
step: 455	0.888672	(0.394001, 2.42979)
step: 456	0.890625	(0.395737, 2.43454)
step: 457	0.892578	(0.397476, 2.43929)
step: 458	0.894531	(0.39922, 2.44406)
step: 459	0.896484	(0.400967, 2.44883)
step: 460	0.898438	(0.402718, 2.45361)
step: 461	0.900391	(0.404472, 2.4584)
step: 462	0.902344	(0.406231, 2.46321)
step: 463	0.904297	(0.407993, 2.46802)
step: 464	0.90625	(0.40976, 2.47284)
step: 465	0.908203	(0.41153, 2.47767)
step: 466	0.910156	(0.413303, 2.48251)
step: 467	0.912109	(0.415081, 2.48735)
step: 468	0.914063	(0.416862, 2.49221)
step: 469	0.916016	(0.418648, 2.49708)
step: 470	0.917969	(0.420437, 2.50196)
step: 471	0.919922	(0.42223, 2.50684)
step: 472	0.921875	(0.424026, 2.51174)
step: 473	0.923828	(0.425827, 2.51665)
step: 474	0.925781	(0.427631, 2.52156)
step: 475	0.927734	(0.42944, 2.52649)
step: 476	0.929688	(0.431252, 2.53142)
step: 477	0.931641	(0.433067, 2.53637)
step: 478	0.933594	(0.434887, 2.54132)
step: 479	0.935547	(0.43671, 2.54628)
step: 480	0.9375	(0.438538, 2.55126)
step: 481	0.939453	(0.440369, 2.55624)
step: 482	0.941406	(0.442204, 2.56123)
step: 483	0.943359	(0.444042, 2.56623)
step: 484	0.945313	(0.445885, 2.57125)
step: 485	0.947266	(0.447731, 2.57627)
step: 486	0.949219	(0.449581, 2.5813)
step: 487	0.951172	(0.451435, 2.58634)
step: 488	0.953125	(0.453293, 2.59139)
step: 489	0.955078	(0.455154, 2.59645)
step: 490	0.957031	(0.45702, 2.60153)
step: 491	0.958984	(0.458889, 2.60661)
step: 492	0.960938	(0.460762, 2.6117)
step: 493	0.962891	(0.462639, 2.6168)
step: 494	0.964844	(0.46452, 2.62191)
step: 495	0.966797	(0.466404, 2.62703)
step: 496	0.96875	(0.468292, 2.63216)
step: 497	0.970703	(0.470184, 2.6373)
step: 498	0.972656	(0.47208, 2.64245)
step: 499	0.974609	(0.47398, 2.64761)
step: 500	0.976563	(0.475883, 2.65279)
step: 501	0.978516	(0.477791, 2.65797)
step: 502	0.980469	(0.479702, 2.66316)
step: 503	0.982422	(0.481617, 2.66836)
step: 504	0.984375	(0.483536, 2.67357)
step: 505	0.986328	(0.485458, 2.67879)
step: 506	0.988281	(0.487385, 2.68402)
step: 507	0.990234	(0.489315, 2.68927)
step: 508	0.992188	(0.491249, 2.69452)
step: 509	0.994141	(0.493187, 2.69978)
step: 510	0.996094	(0.495129, 2.70506)
step: 511	0.998047	(0.497074, 2.71034)
step: 512	1	(0.499023, 2.71563)
