step: 0	0	(0, 1)
step: 1	0.00195313	(1.90735e-06, 1.00196)
step: 2	0.00390625	(7.62939e-06, 1.00391)
step: 3	0.00585938	(1.71661e-05, 1.00588)
step: 4	0.0078125	(3.05176e-05, 1.00784)
step: 5	0.00976563	(4.76837e-05, 1.00981)
step: 6	0.0117188	(6.86646e-05, 1.01179)
step: 7	0.0136719	(9.34601e-05, 1.01377)
step: 8	0.015625	(0.00012207, 1.01575)
step: 9	0.0175781	(0.000154495, 1.01773)
step: 10	0.0195313	(0.000190735, 1.01972)
step: 11	0.0214844	(0.000230789, 1.02172)
step: 12	0.0234375	(0.000274658, 1.02371)
step: 13	0.0253906	(0.000322342, 1.02572)
step: 14	0.0273438	(0.00037384, 1.02772)
step: 15	0.0292969	(0.000429153, 1.02973)
step: 16	0.03125	(0.000488281, 1.03174)
step: 17	0.0332031	(0.000551224, 1.03376)
step: 18	0.0351563	(0.000617981, 1.03578)
step: 19	0.0371094	(0.000688553, 1.03781)
step: 20	0.0390625	(0.000762939, 1.03984)
step: 21	0.0410156	(0.000841141, 1.04187)
step: 22	0.0429688	(0.000923157, 1.04391)
step: 23	0.0449219	(0.00100899, 1.04595)
step: 24	0.046875	(0.00109863, 1.04799)
step: 25	0.0488281	(0.00119209, 1.05004)
step: 26	0.0507813	(0.00128937, 1.05209)
step: 27	0.0527344	(0.00139046, 1.05415)
step: 28	0.0546875	(0.00149536, 1.05621)
step: 29	0.0566406	(0.00160408, 1.05828)
step: 30	0.0585938	(0.00171661, 1.06034)
step: 31	0.0605469	(0.00183296, 1.06242)
step: 32	0.0625	(0.00195313, 1.06449)
step: 33	0.0644531	(0.0020771, 1.06658)
step: 34	0.0664063	(0.0022049, 1.06866)
step: 35	0.0683594	(0.0023365, 1.07075)
step: 36	0.0703125	(0.00247192, 1.07284)
step: 37	0.0722656	(0.00261116, 1.07494)
step: 38	0.0742188	(0.00275421, 1.07704)
step: 39	0.0761719	(0.00290108, 1.07915)
step: 40	0.078125	(0.00305176, 1.08126)
step: 41	0.0800781	(0.00320625, 1.08337)
step: 42	0.0820313	(0.00336456, 1.08549)
step: 43	0.0839844	(0.00352669, 1.08761)
step: 44	0.0859375	(0.00369263, 1.08974)
step: 45	0.0878906	(0.00386238, 1.09187)
step: 46	0.0898438	(0.00403595, 1.094)
step: 47	0.0917969	(0.00421333, 1.09614)
step: 48	0.09375	(0.00439453, 1.09829)
step: 49	0.0957031	(0.00457954, 1.10043)
step: 50	0.0976563	(0.00476837, 1.10258)
step: 51	0.0996094	(0.00496101, 1.10474)
step: 52	0.101563	(0.00515747, 1.1069)
step: 53	0.103516	(0.00535774, 1.10906)
step: 54	0.105469	(0.00556183, 1.11123)
step: 55	0.107422	(0.00576973, 1.1134)
step: 56	0.109375	(0.00598145, 1.11558)
step: 57	0.111328	(0.00619698, 1.11776)
step: 58	0.113281	(0.00641632, 1.11995)
step: 59	0.115234	(0.00663948, 1.12214)
step: 60	0.117188	(0.00686646, 1.12433)
step: 61	0.119141	(0.00709724, 1.12653)
step: 62	0.121094	(0.00733185, 1.12873)
step: 63	0.123047	(0.00757027, 1.13094)
step: 64	0.125	(0.0078125, 1.13315)
step: 65	0.126953	(0.00805855, 1.13536)
step: 66	0.128906	(0.00830841, 1.13758)
step: 67	0.130859	(0.00856209, 1.13981)
step: 68	0.132813	(0.00881958, 1.14204)
step: 69	0.134766	(0.00908089, 1.14427)
step: 70	0.136719	(0.00934601, 1.14651)
step: 71	0.138672	(0.00961494, 1.14875)
step: 72	0.140625	(0.0098877, 1.15099)
step: 73	0.142578	(0.0101643, 1.15324)
step: 74	0.144531	(0.0104446, 1.1555)
step: 75	0.146484	(0.0107288, 1.15776)
step: 76	0.148438	(0.0110168, 1.16002)
step: 77	0.150391	(0.0113087, 1.16229)
step: 78	0.152344	(0.0116043, 1.16456)
step: 79	0.154297	(0.0119038, 1.16684)
step: 80	0.15625	(0.012207, 1.16912)
step: 81	0.158203	(0.0125141, 1.1714)
step: 82	0.160156	(0.012825, 1.17369)
step: 83	0.162109	(0.0131397, 1.17599)
step: 84	0.164063	(0.0134583, 1.17829)
step: 85	0.166016	(0.0137806, 1.18059)
step: 86	0.167969	(0.0141068, 1.1829)
step: 87	0.169922	(0.0144367, 1.18521)
step: 88	0.171875	(0.0147705, 1.18753)
step: 89	0.173828	(0.0151081, 1.18985)
step: 90	0.175781	(0.0154495, 1.19218)
step: 91	0.177734	(0.0157948, 1.19451)
step: 92	0.179688	(0.0161438, 1.19684)
step: 93	0.181641	(0.0164967, 1.19918)
step: 94	0.183594	(0.0168533, 1.20153)
step: 95	0.185547	(0.0172138, 1.20388)
step: 96	0.1875	(0.0175781, 1.20623)
step: 97	0.189453	(0.0179462, 1.20859)
step: 98	0.191406	(0.0183182, 1.21095)
step: 99	0.193359	(0.0186939, 1.21332)
step: 100	0.195313	(0.0190735, 1.21569)
step: 101	0.197266	(0.0194569, 1.21807)
step: 102	0.199219	(0.0198441, 1.22045)
step: 103	0.201172	(0.0202351, 1.22283)
step: 104	0.203125	(0.0206299, 1.22523)
step: 105	0.205078	(0.0210285, 1.22762)
step: 106	0.207031	(0.021431, 1.23002)
step: 107	0.208984	(0.0218372, 1.23243)
step: 108	0.210938	(0.0222473, 1.23484)
step: 109	0.212891	(0.0226612, 1.23725)
step: 110	0.214844	(0.0230789, 1.23967)
step: 111	0.216797	(0.0235004, 1.24209)
step: 112	0.21875	(0.0239258, 1.24452)
step: 113	0.220703	(0.0243549, 1.24695)
step: 114	0.222656	(0.0247879, 1.24939)
step: 115	0.224609	(0.0252247, 1.25183)
step: 116	0.226563	(0.0256653, 1.25428)
step: 117	0.228516	(0.0261097, 1.25673)
step: 118	0.230469	(0.0265579, 1.25919)
step: 119	0.232422	(0.02701, 1.26165)
step: 120	0.234375	(0.0274658, 1.26412)
step: 121	0.236328	(0.0279255, 1.26659)
step: 122	0.238281	(0.028389, 1.26907)
step: 123	0.240234	(0.0288563, 1.27155)
step: 124	0.242188	(0.0293274, 1.27403)
step: 125	0.244141	(0.0298023, 1.27652)
step: 126	0.246094	(0.0302811, 1.27902)
step: 127	0.248047	(0.0307636, 1.28152)
step: 128	0.25	(0.03125, 1.28403)
step: 129	0.251953	(0.0317402, 1.28654)
step: 130	0.253906	(0.0322342, 1.28905)
step: 131	0.255859	(0.032732, 1.29157)
step: 132	0.257813	(0.0332336, 1.2941)
step: 133	0.259766	(0.0337391, 1.29663)
step: 134	0.261719	(0.0342484, 1.29916)
step: 135	0.263672	(0.0347614, 1.3017)
step: 136	0.265625	(0.0352783, 1.30425)
step: 137	0.267578	(0.035799, 1.3068)
step: 138	0.269531	(0.0363235, 1.30935)
step: 139	0.271484	(0.0368519, 1.31191)
step: 140	0.273438	(0.037384, 1.31448)
step: 141	0.275391	(0.03792, 1.31705)
step: 142	0.277344	(0.0384598, 1.31962)
step: 143	0.279297	(0.0390034, 1.3222)
step: 144	0.28125	(0.0395508, 1.32478)
step: 145	0.283203	(0.040102, 1.32737)
step: 146	0.285156	(0.040657, 1.32997)
step: 147	0.287109	(0.0412159, 1.33257)
step: 148	0.289063	(0.0417786, 1.33518)
step: 149	0.291016	(0.042345, 1.33779)
step: 150	0.292969	(0.0429153, 1.3404)
step: 151	0.294922	(0.0434895, 1.34302)
step: 152	0.296875	(0.0440674, 1.34565)
step: 153	0.298828	(0.0446491, 1.34828)
step: 154	0.300781	(0.0452347, 1.35091)
step: 155	0.302734	(0.0458241, 1.35355)
step: 156	0.304688	(0.0464172, 1.3562)
step: 157	0.306641	(0.0470142, 1.35885)
step: 158	0.308594	(0.0476151, 1.36151)
step: 159	0.310547	(0.0482197, 1.36417)
step: 160	0.3125	(0.0488281, 1.36684)
step: 161	0.314453	(0.0494404, 1.36951)
step: 162	0.316406	(0.0500565, 1.37219)
step: 163	0.318359	(0.0506763, 1.37487)
step: 164	0.320313	(0.0513, 1.37756)
step: 165	0.322266	(0.0519276, 1.38025)
step: 166	0.324219	(0.0525589, 1.38295)
step: 167	0.326172	(0.053194, 1.38565)
step: 168	0.328125	(0.053833, 1.38836)
step: 169	0.330078	(0.0544758, 1.39108)
step: 170	0.332031	(0.0551224, 1.3938)
step: 171	0.333984	(0.0557728, 1.39652)
step: 172	0.335938	(0.056427, 1.39925)
step: 173	0.337891	(0.057085, 1.40199)
step: 174	0.339844	(0.0577469, 1.40473)
step: 175	0.341797	(0.0584126, 1.40747)
step: 176	0.34375	(0.059082, 1.41023)
step: 177	0.345703	(0.0597553, 1.41298)
step: 178	0.347656	(0.0604324, 1.41575)
step: 179	0.349609	(0.0611134, 1.41851)
step: 180	0.351563	(0.0617981, 1.42129)
step: 181	0.353516	(0.0624866, 1.42407)
step: 182	0.355469	(0.063179, 1.42685)
step: 183	0.357422	(0.0638752, 1.42964)
step: 184	0.359375	(0.0645752, 1.43243)
step: 185	0.361328	(0.065279, 1.43523)
step: 186	0.363281	(0.0659866, 1.43804)
step: 187	0.365234	(0.0666981, 1.44085)
step: 188	0.367188	(0.0674133, 1.44367)
step: 189	0.369141	(0.0681324, 1.44649)
step: 190	0.371094	(0.0688553, 1.44932)
step: 191	0.373047	(0.069582, 1.45215)
step: 192	0.375	(0.0703125, 1.45499)
step: 193	0.376953	(0.0710468, 1.45784)
step: 194	0.378906	(0.071785, 1.46069)
step: 195	0.380859	(0.0725269, 1.46354)
step: 196	0.382813	(0.0732727, 1.4664)
step: 197	0.384766	(0.0740223, 1.46927)
step: 198	0.386719	(0.0747757, 1.47214)
step: 199	0.388672	(0.0755329, 1.47502)
step: 200	0.390625	(0.0762939, 1.4779)
step: 201	0.392578	(0.0770588, 1.48079)
step: 202	0.394531	(0.0778275, 1.48369)
step: 203	0.396484	(0.0785999, 1.48659)
step: 204	0.398438	(0.0793762, 1.4895)
step: 205	0.400391	(0.0801563, 1.49241)
step: 206	0.402344	(0.0809402, 1.49533)
step: 207	0.404297	(0.081728, 1.49825)
step: 208	0.40625	(0.0825195, 1.50118)
step: 209	0.408203	(0.0833149, 1.50411)
step: 210	0.410156	(0.0841141, 1.50705)
step: 211	0.412109	(0.0849171, 1.51)
step: 212	0.414063	(0.0857239, 1.51295)
step: 213	0.416016	(0.0865345, 1.51591)
step: 214	0.417969	(0.0873489, 1.51887)
step: 215	0.419922	(0.0881672, 1.52184)
step: 216	0.421875	(0.0889893, 1.52482)
step: 217	0.423828	(0.0898151, 1.5278)
step: 218	0.425781	(0.0906448, 1.53079)
step: 219	0.427734	(0.0914783, 1.53378)
step: 220	0.429688	(0.0923157, 1.53678)
step: 221	0.431641	(0.0931568, 1.53978)
step: 222	0.433594	(0.0940018, 1.54279)
step: 223	0.435547	(0.0948505, 1.54581)
step: 224	0.4375	(0.0957031, 1.54883)
step: 225	0.439453	(0.0965595, 1.55186)
step: 226	0.441406	(0.0974197, 1.55489)
step: 227	0.443359	(0.0982838, 1.55793)
step: 228	0.445313	(0.0991516, 1.56098)
step: 229	0.447266	(0.100023, 1.56403)
step: 230	0.449219	(0.100899, 1.56709)
step: 231	0.451172	(0.101778, 1.57015)
step: 232	0.453125	(0.102661, 1.57322)
step: 233	0.455078	(0.103548, 1.5763)
step: 234	0.457031	(0.104439, 1.57938)
step: 235	0.458984	(0.105333, 1.58247)
step: 236	0.460938	(0.106232, 1.58556)
step: 237	0.462891	(0.107134, 1.58866)
step: 238	0.464844	(0.10804, 1.59177)
step: 239	0.466797	(0.10895, 1.59488)
step: 240	0.46875	(0.109863, 1.598)
step: 241	0.470703	(0.110781, 1.60112)
step: 242	0.472656	(0.111702, 1.60425)
step: 243	0.474609	(0.112627, 1.60739)
step: 244	0.476563	(0.113556, 1.61053)
step: 245	0.478516	(0.114489, 1.61368)
step: 246	0.480469	(0.115425, 1.61683)
step: 247	0.482422	(0.116365, 1.61999)
step: 248	0.484375	(0.11731, 1.62316)
step: 249	0.486328	(0.118258, 1.62633)
step: 250	0.488281	(0.119209, 1.62951)
step: 251	0.490234	(0.120165, 1.6327)
step: 252	0.492188	(0.121124, 1.63589)
step: 253	0.494141	(0.122087, 1.63909)
step: 254	0.496094	(0.123055, 1.64229)
step: 255	0.498047	(0.124025, 1.6455)
step: 256	0.5	(0.125, 1.64872)
step: 257	0.501953	(0.125978, 1.65194)
step: 258	0.503906	(0.126961, 1.65517)
step: 259	0.505859	(0.127947, 1.65841)
step: 260	0.507813	(0.128937, 1.66165)
step: 261	0.509766	(0.12993, 1.6649)
step: 262	0.511719	(0.130928, 1.66816)
step: 263	0.513672	(0.131929, 1.67142)
step: 264	0.515625	(0.132935, 1.67468)
step: 265	0.517578	(0.133944, 1.67796)
step: 266	0.519531	(0.134956, 1.68124)
step: 267	0.521484	(0.135973, 1.68453)
step: 268	0.523438	(0.136993, 1.68782)
step: 269	0.525391	(0.138018, 1.69112)
step: 270	0.527344	(0.139046, 1.69443)
step: 271	0.529297	(0.140078, 1.69774)
step: 272	0.53125	(0.141113, 1.70106)
step: 273	0.533203	(0.142153, 1.70438)
step: 274	0.535156	(0.143196, 1.70772)
step: 275	0.537109	(0.144243, 1.71105)
step: 276	0.539063	(0.145294, 1.7144)
step: 277	0.541016	(0.146349, 1.71775)
step: 278	0.542969	(0.147408, 1.72111)
step: 279	0.544922	(0.14847, 1.72447)
step: 280	0.546875	(0.149536, 1.72785)
step: 281	0.548828	(0.150606, 1.73122)
step: 282	0.550781	(0.15168, 1.73461)
step: 283	0.552734	(0.152758, 1.738)
step: 284	0.554688	(0.153839, 1.7414)
step: 285	0.556641	(0.154924, 1.7448)
step: 286	0.558594	(0.156013, 1.74821)
step: 287	0.560547	(0.157106, 1.75163)
step: 288	0.5625	(0.158203, 1.75505)
step: 289	0.564453	(0.159304, 1.75849)
step: 290	0.566406	(0.160408, 1.76192)
step: 291	0.568359	(0.161516, 1.76537)
step: 292	0.570313	(0.162628, 1.76882)
step: 293	0.572266	(0.163744, 1.77228)
step: 294	0.574219	(0.164864, 1.77574)
step: 295	0.576172	(0.165987, 1.77921)
step: 296	0.578125	(0.167114, 1.78269)
step: 297	0.580078	(0.168245, 1.78618)
step: 298	0.582031	(0.16938, 1.78967)
step: 299	0.583984	(0.170519, 1.79317)
step: 300	0.585938	(0.171661, 1.79667)
step: 301	0.587891	(0.172808, 1.80019)
step: 302	0.589844	(0.173958, 1.80371)
step: 303	0.591797	(0.175112, 1.80723)
step: 304	0.59375	(0.17627, 1.81077)
step: 305	0.595703	(0.177431, 1.81431)
step: 306	0.597656	(0.178596, 1.81785)
step: 307	0.599609	(0.179766, 1.82141)
step: 308	0.601563	(0.180939, 1.82497)
step: 309	0.603516	(0.182116, 1.82854)
step: 310	0.605469	(0.183296, 1.83211)
step: 311	0.607422	(0.184481, 1.83569)
step: 312	0.609375	(0.185669, 1.83928)
step: 313	0.611328	(0.186861, 1.84288)
step: 314	0.613281	(0.188057, 1.84648)
step: 315	0.615234	(0.189257, 1.85009)
step: 316	0.617188	(0.19046, 1.85371)
step: 317	0.619141	(0.191668, 1.85733)
step: 318	0.621094	(0.192879, 1.86096)
step: 319	0.623047	(0.194094, 1.8646)
step: 320	0.625	(0.195313, 1.86825)
step: 321	0.626953	(0.196535, 1.8719)
step: 322	0.628906	(0.197762, 1.87556)
step: 323	0.630859	(0.198992, 1.87922)
step: 324	0.632813	(0.200226, 1.8829)
step: 325	0.634766	(0.201464, 1.88658)
step: 326	0.636719	(0.202705, 1.89027)
step: 327	0.638672	(0.203951, 1.89396)
step: 328	0.640625	(0.2052, 1.89767)
step: 329	0.642578	(0.206453, 1.90138)
step: 330	0.644531	(0.20771, 1.90509)
step: 331	0.646484	(0.208971, 1.90882)
step: 332	0.648438	(0.210236, 1.91255)
step: 333	0.650391	(0.211504, 1.91629)
step: 334	0.652344	(0.212776, 1.92004)
step: 335	0.654297	(0.214052, 1.92379)
step: 336	0.65625	(0.215332, 1.92755)
step: 337	0.658203	(0.216616, 1.93132)
step: 338	0.660156	(0.217903, 1.93509)
step: 339	0.662109	(0.219194, 1.93888)
step: 340	0.664063	(0.22049, 1.94267)
step: 341	0.666016	(0.221788, 1.94647)
step: 342	0.667969	(0.223091, 1.95027)
step: 343	0.669922	(0.224398, 1.95408)
step: 344	0.671875	(0.225708, 1.9579)
step: 345	0.673828	(0.227022, 1.96173)
step: 346	0.675781	(0.22834, 1.96557)
step: 347	0.677734	(0.229662, 1.96941)
step: 348	0.679688	(0.230988, 1.97326)
step: 349	0.681641	(0.232317, 1.97712)
step: 350	0.683594	(0.23365, 1.98098)
step: 351	0.685547	(0.234987, 1.98486)
step: 352	0.6875	(0.236328, 1.98874)
step: 353	0.689453	(0.237673, 1.99263)
step: 354	0.691406	(0.239021, 1.99652)
step: 355	0.693359	(0.240374, 2.00042)
step: 356	0.695313	(0.24173, 2.00434)
step: 357	0.697266	(0.24309, 2.00825)
step: 358	0.699219	(0.244453, 2.01218)
step: 359	0.701172	(0.245821, 2.01611)
step: 360	0.703125	(0.247192, 2.02006)
step: 361	0.705078	(0.248568, 2.024)
step: 362	0.707031	(0.249947, 2.02796)
step: 363	0.708984	(0.251329, 2.03193)
step: 364	0.710938	(0.252716, 2.0359)
step: 365	0.712891	(0.254107, 2.03988)
step: 366	0.714844	(0.255501, 2.04387)
step: 367	0.716797	(0.256899, 2.04786)
step: 368	0.71875	(0.258301, 2.05187)
step: 369	0.720703	(0.259706, 2.05588)
step: 370	0.722656	(0.261116, 2.0599)
step: 371	0.724609	(0.262529, 2.06392)
step: 372	0.726563	(0.263947, 2.06796)
step: 373	0.728516	(0.265368, 2.072)
step: 374	0.730469	(0.266792, 2.07605)
step: 375	0.732422	(0.268221, 2.08011)
step: 376	0.734375	(0.269653, 2.08418)
step: 377	0.736328	(0.27109, 2.08825)
step: 378	0.738281	(0.27253, 2.09234)
step: 379	0.740234	(0.273973, 2.09643)
step: 380	0.742188	(0.275421, 2.10053)
step: 381	0.744141	(0.276873, 2.10463)
step: 382	0.746094	(0.278328, 2.10875)
step: 383	0.748047	(0.279787, 2.11287)
step: 384	0.75	(0.28125, 2.117)
step: 385	0.751953	(0.282717, 2.12114)
step: 386	0.753906	(0.284187, 2.12529)
step: 387	0.755859	(0.285662, 2.12944)
step: 388	0.757813	(0.28714, 2.1336)
step: 389	0.759766	(0.288622, 2.13778)
step: 390	0.761719	(0.290108, 2.14195)
step: 391	0.763672	(0.291597, 2.14614)
step: 392	0.765625	(0.293091, 2.15034)
step: 393	0.767578	(0.294588, 2.15454)
step: 394	0.769531	(0.296089, 2.15875)
step: 395	0.771484	(0.297594, 2.16297)
step: 396	0.773438	(0.299103, 2.1672)
step: 397	0.775391	(0.300615, 2.17144)
step: 398	0.777344	(0.302132, 2.17569)
step: 399	0.779297	(0.303652, 2.17994)
step: 400	0.78125	(0.305176, 2.1842)
step: 401	0.783203	(0.306704, 2.18847)
step: 402	0.785156	(0.308235, 2.19275)
step: 403	0.787109	(0.309771, 2.19704)
step: 404	0.789063	(0.31131, 2.20133)
step: 405	0.791016	(0.312853, 2.20564)
step: 406	0.792969	(0.3144, 2.20995)
step: 407	0.794922	(0.31595, 2.21427)
step: 408	0.796875	(0.317505, 2.2186)
step: 409	0.798828	(0.319063, 2.22293)
step: 410	0.800781	(0.320625, 2.22728)
step: 411	0.802734	(0.322191, 2.23163)
step: 412	0.804688	(0.323761, 2.236)
step: 413	0.806641	(0.325335, 2.24037)
step: 414	0.808594	(0.326912, 2.24475)
step: 415	0.810547	(0.328493, 2.24914)
step: 416	0.8125	(0.330078, 2.25353)
step: 417	0.814453	(0.331667, 2.25794)
step: 418	0.816406	(0.33326, 2.26235)
step: 419	0.818359	(0.334856, 2.26678)
step: 420	0.820313	(0.336456, 2.27121)
step: 421	0.822266	(0.33806, 2.27565)
step: 422	0.824219	(0.339668, 2.2801)
step: 423	0.826172	(0.34128, 2.28456)
step: 424	0.828125	(0.342896, 2.28902)
step: 425	0.830078	(0.344515, 2.2935)
step: 426	0.832031	(0.346138, 2.29798)
step: 427	0.833984	(0.347765, 2.30247)
step: 428	0.835938	(0.349396, 2.30698)
step: 429	0.837891	(0.35103, 2.31149)
step: 430	0.839844	(0.352669, 2.31601)
step: 431	0.841797	(0.354311, 2.32053)
step: 432	0.84375	(0.355957, 2.32507)
step: 433	0.845703	(0.357607, 2.32962)
step: 434	0.847656	(0.359261, 2.33417)
step: 435	0.849609	(0.360918, 2.33873)
step: 436	0.851563	(0.362579, 2.34331)
step: 437	0.853516	(0.364244, 2.34789)
step: 438	0.855469	(0.365913, 2.35248)
step: 439	0.857422	(0.367586, 2.35708)
step: 440	0.859375	(0.369263, 2.36168)
step: 441	0.861328	(0.370943, 2.3663)
step: 442	0.863281	(0.372627, 2.37093)
step: 443	0.865234	(0.374315, 2.37556)
step: 444	0.867188	(0.376007, 2.38021)
step: 445	0.869141	(0.377703, 2.38486)
step: 446	0.871094	(0.379402, 2.38952)
step: 447	0.873047	(0.381105, 2.39419)
step: 448	0.875	(0.382813, 2.39888)
step: 449	0.876953	(0.384523, 2.40357)
step: 450	0.878906	(0.386238, 2.40826)
step: 451	0.880859	(0.387957, 2.41297)
step: 452	0.882813	(0.389679, 2.41769)
step: 453	0.884766	(0.391405, 2.42242)
step: 454	0.886719	(0.393135, 2.42715)
step: 455	0.888672	(0.394869, 2.4319)
step: 456	0.890625	(0.396606, 2.43665)
step: 457	0.892578	(0.398348, 2.44142)
step: 458	0.894531	(0.400093, 2.44619)
step: 459	0.896484	(0.401842, 2.45097)
step: 460	0.898438	(0.403595, 2.45576)
step: 461	0.900391	(0.405352, 2.46056)
step: 462	0.902344	(0.407112, 2.46537)
step: 463	0.904297	(0.408876, 2.47019)
step: 464	0.90625	(0.410645, 2.47502)
step: 465	0.908203	(0.412416, 2.47986)
step: 466	0.910156	(0.414192, 2.48471)
step: 467	0.912109	(0.415972, 2.48957)
step: 468	0.914063	(0.417755, 2.49444)
step: 469	0.916016	(0.419542, 2.49931)
step: 470	0.917969	(0.421333, 2.5042)
step: 471	0.919922	(0.423128, 2.50909)
step: 472	0.921875	(0.424927, 2.514)
step: 473	0.923828	(0.426729, 2.51891)
step: 474	0.925781	(0.428535, 2.52384)
step: 475	0.927734	(0.430346, 2.52877)
step: 476	0.929688	(0.432159, 2.53372)
step: 477	0.931641	(0.433977, 2.53867)
step: 478	0.933594	(0.435799, 2.54363)
step: 479	0.935547	(0.437624, 2.54861)
step: 480	0.9375	(0.439453, 2.55359)
step: 481	0.939453	(0.441286, 2.55858)
step: 482	0.941406	(0.443123, 2.56358)
step: 483	0.943359	(0.444963, 2.5686)
step: 484	0.945313	(0.446808, 2.57362)
step: 485	0.947266	(0.448656, 2.57865)
step: 486	0.949219	(0.450508, 2.58369)
step: 487	0.951172	(0.452364, 2.58874)
step: 488	0.953125	(0.454224, 2.5938)
step: 489	0.955078	(0.456087, 2.59887)
step: 490	0.957031	(0.457954, 2.60395)
step: 491	0.958984	(0.459826, 2.60905)
step: 492	0.960938	(0.4617, 2.61415)
step: 493	0.962891	(0.463579, 2.61926)
step: 494	0.964844	(0.465462, 2.62438)
step: 495	0.966797	(0.467348, 2.62951)
step: 496	0.96875	(0.469238, 2.63465)
step: 497	0.970703	(0.471132, 2.6398)
step: 498	0.972656	(0.47303, 2.64496)
step: 499	0.974609	(0.474932, 2.65013)
step: 500	0.976563	(0.476837, 2.65531)
step: 501	0.978516	(0.478746, 2.6605)
step: 502	0.980469	(0.480659, 2.66571)
step: 503	0.982422	(0.482576, 2.67092)
step: 504	0.984375	(0.484497, 2.67614)
step: 505	0.986328	(0.486422, 2.68137)
step: 506	0.988281	(0.48835, 2.68661)
step: 507	0.990234	(0.490282, 2.69187)
step: 508	0.992188	(0.492218, 2.69713)
step: 509	0.994141	(0.494158, 2.7024)
step: 510	0.996094	(0.496101, 2.70768)
step: 511	0.998047	(0.498049, 2.71298)
step: 512	1	(0.5, 2.71828)
