step: 0	0	(0, 1)
step: 1	0.0666667	(0, 1.06667)
step: 2	0.133333	(0.00444444, 1.13778)
step: 3	0.2	(0.0133333, 1.21363)
step: 4	0.266667	(0.0266667, 1.29454)
step: 5	0.333333	(0.0444444, 1.38084)
step: 6	0.4	(0.0666667, 1.4729)
step: 7	0.466667	(0.0933333, 1.57109)
step: 8	0.533333	(0.124444, 1.67583)
step: 9	0.6	(0.16, 1.78755)
step: 10	0.666667	(0.2, 1.90672)
step: 11	0.733333	(0.244444, 2.03384)
step: 12	0.8	(0.293333, 2.16943)
step: 13	0.866667	(0.346667, 2.31405)
step: 14	0.933333	(0.404444, 2.46832)
step: 15	1	(0.466667, 2.63288)
