step: 0	0	(0, 1)
step: 1	0.015625	(0, 1.01563)
step: 2	0.03125	(0.000244141, 1.03149)
step: 3	0.046875	(0.000732422, 1.04761)
step: 4	0.0625	(0.00146484, 1.06398)
step: 5	0.078125	(0.00244141, 1.0806)
step: 6	0.09375	(0.00366211, 1.09749)
step: 7	0.109375	(0.00512695, 1.11464)
step: 8	0.125	(0.00683594, 1.13205)
step: 9	0.140625	(0.00878906, 1.14974)
step: 10	0.15625	(0.0109863, 1.16771)
step: 11	0.171875	(0.0134277, 1.18595)
step: 12	0.1875	(0.0161133, 1.20448)
step: 13	0.203125	(0.019043, 1.2233)
step: 14	0.21875	(0.0222168, 1.24242)
step: 15	0.234375	(0.0256348, 1.26183)
step: 16	0.25	(0.0292969, 1.28155)
step: 17	0.265625	(0.0332031, 1.30157)
step: 18	0.28125	(0.0373535, 1.32191)
step: 19	0.296875	(0.041748, 1.34256)
step: 20	0.3125	(0.0463867, 1.36354)
step: 21	0.328125	(0.0512695, 1.38484)
step: 22	0.34375	(0.0563965, 1.40648)
step: 23	0.359375	(0.0617676, 1.42846)
step: 24	0.375	(0.0673828, 1.45078)
step: 25	0.390625	(0.0732422, 1.47345)
step: 26	0.40625	(0.0793457, 1.49647)
step: 27	0.421875	(0.0856934, 1.51985)
step: 28	0.4375	(0.0922852, 1.5436)
step: 29	0.453125	(0.0991211, 1.56772)
step: 30	0.46875	(0.106201, 1.59221)
step: 31	0.484375	(0.113525, 1.61709)
step: 32	0.5	(0.121094, 1.64236)
step: 33	0.515625	(0.128906, 1.66802)
step: 34	0.53125	(0.136963, 1.69408)
step: 35	0.546875	(0.145264, 1.72055)
step: 36	0.5625	(0.153809, 1.74744)
step: 37	0.578125	(0.162598, 1.77474)
step: 38	0.59375	(0.171631, 1.80247)
step: 39	0.609375	(0.180908, 1.83064)
step: 40	0.625	(0.19043, 1.85924)
step: 41	0.640625	(0.200195, 1.88829)
step: 42	0.65625	(0.210205, 1.91779)
step: 43	0.671875	(0.220459, 1.94776)
step: 44	0.6875	(0.230957, 1.97819)
step: 45	0.703125	(0.241699, 2.0091)
step: 46	0.71875	(0.252686, 2.0405)
step: 47	0.734375	(0.263916, 2.07238)
step: 48	0.75	(0.275391, 2.10476)
step: 49	0.765625	(0.287109, 2.13765)
step: 50	0.78125	(0.299072, 2.17105)
step: 51	0.796875	(0.311279, 2.20497)
step: 52	0.8125	(0.32373, 2.23942)
step: 53	0.828125	(0.336426, 2.27441)
step: 54	0.84375	(0.349365, 2.30995)
step: 55	0.859375	(0.362549, 2.34604)
step: 56	0.875	(0.375977, 2.3827)
step: 57	0.890625	(0.389648, 2.41993)
step: 58	0.90625	(0.403564, 2.45774)
step: 59	0.921875	(0.417725, 2.49614)
step: 60	0.9375	(0.432129, 2.53515)
step: 61	0.953125	(0.446777, 2.57476)
step: 62	0.96875	(0.46167, 2.61499)
step: 63	0.984375	(0.476807, 2.65585)
step: 64	1	(0.492188, 2.69734)
