step: 0	0	(0, 1)
step: 1	0.000488281	(0, 1.00049)
step: 2	0.000976563	(2.38419e-07, 1.00098)
step: 3	0.00146484	(7.15256e-07, 1.00147)
step: 4	0.00195313	(1.43051e-06, 1.00195)
step: 5	0.00244141	(2.38419e-06, 1.00244)
step: 6	0.00292969	(3.57628e-06, 1.00293)
step: 7	0.00341797	(5.00679e-06, 1.00342)
step: 8	0.00390625	(6.67572e-06, 1.00391)
step: 9	0.00439453	(8.58307e-06, 1.0044)
step: 10	0.00488281	(1.07288e-05, 1.00489)
step: 11	0.00537109	(1.3113e-05, 1.00538)
step: 12	0.00585938	(1.57356e-05, 1.00588)
step: 13	0.00634766	(1.85966e-05, 1.00637)
step: 14	0.00683594	(2.16961e-05, 1.00686)
step: 15	0.00732422	(2.5034e-05, 1.00735)
step: 16	0.0078125	(2.86102e-05, 1.00784)
step: 17	0.00830078	(3.24249e-05, 1.00833)
step: 18	0.00878906	(3.6478e-05, 1.00883)
step: 19	0.00927734	(4.07696e-05, 1.00932)
step: 20	0.00976563	(4.52995e-05, 1.00981)
step: 21	0.0102539	(5.00679e-05, 1.0103)
step: 22	0.0107422	(5.50747e-05, 1.0108)
step: 23	0.0112305	(6.03199e-05, 1.01129)
step: 24	0.0117188	(6.58035e-05, 1.01178)
step: 25	0.012207	(7.15256e-05, 1.01228)
step: 26	0.0126953	(7.7486e-05, 1.01277)
step: 27	0.0131836	(8.36849e-05, 1.01327)
step: 28	0.0136719	(9.01222e-05, 1.01376)
step: 29	0.0141602	(9.67979e-05, 1.01426)
step: 30	0.0146484	(0.000103712, 1.01475)
step: 31	0.0151367	(0.000110865, 1.01525)
step: 32	0.015625	(0.000118256, 1.01574)
step: 33	0.0161133	(0.000125885, 1.01624)
step: 34	0.0166016	(0.000133753, 1.01674)
step: 35	0.0170898	(0.000141859, 1.01723)
step: 36	0.0175781	(0.000150204, 1.01773)
step: 37	0.0180664	(0.000158787, 1.01823)
step: 38	0.0185547	(0.000167608, 1.01872)
step: 39	0.019043	(0.000176668, 1.01922)
step: 40	0.0195313	(0.000185966, 1.01972)
step: 41	0.0200195	(0.000195503, 1.02022)
step: 42	0.0205078	(0.000205278, 1.02071)
step: 43	0.0209961	(0.000215292, 1.02121)
step: 44	0.0214844	(0.000225544, 1.02171)
step: 45	0.0219727	(0.000236034, 1.02221)
step: 46	0.0224609	(0.000246763, 1.02271)
step: 47	0.0229492	(0.00025773, 1.02321)
step: 48	0.0234375	(0.000268936, 1.02371)
step: 49	0.0239258	(0.00028038, 1.02421)
step: 50	0.0244141	(0.000292063, 1.02471)
step: 51	0.0249023	(0.000303984, 1.02521)
step: 52	0.0253906	(0.000316143, 1.02571)
step: 53	0.0258789	(0.000328541, 1.02621)
step: 54	0.0263672	(0.000341177, 1.02671)
step: 55	0.0268555	(0.000354052, 1.02721)
step: 56	0.0273438	(0.000367165, 1.02771)
step: 57	0.027832	(0.000380516, 1.02822)
step: 58	0.0283203	(0.000394106, 1.02872)
step: 59	0.0288086	(0.000407934, 1.02922)
step: 60	0.0292969	(0.000422001, 1.02972)
step: 61	0.0297852	(0.000436306, 1.03023)
step: 62	0.0302734	(0.00045085, 1.03073)
step: 63	0.0307617	(0.000465631, 1.03123)
step: 64	0.03125	(0.000480652, 1.03174)
step: 65	0.0317383	(0.000495911, 1.03224)
step: 66	0.0322266	(0.000511408, 1.03274)
step: 67	0.0327148	(0.000527143, 1.03325)
step: 68	0.0332031	(0.000543118, 1.03375)
step: 69	0.0336914	(0.00055933, 1.03426)
step: 70	0.0341797	(0.000575781, 1.03476)
step: 71	0.034668	(0.00059247, 1.03527)
step: 72	0.0351563	(0.000609398, 1.03577)
step: 73	0.0356445	(0.000626564, 1.03628)
step: 74	0.0361328	(0.000643969, 1.03678)
step: 75	0.0366211	(0.000661612, 1.03729)
step: 76	0.0371094	(0.000679493, 1.0378)
step: 77	0.0375977	(0.000697613, 1.0383)
step: 78	0.0380859	(0.000715971, 1.03881)
step: 79	0.0385742	(0.000734568, 1.03932)
step: 80	0.0390625	(0.000753403, 1.03983)
step: 81	0.0395508	(0.000772476, 1.04033)
step: 82	0.0400391	(0.000791788, 1.04084)
step: 83	0.0405273	(0.000811338, 1.04135)
step: 84	0.0410156	(0.000831127, 1.04186)
step: 85	0.0415039	(0.000851154, 1.04237)
step: 86	0.0419922	(0.00087142, 1.04288)
step: 87	0.0424805	(0.000891924, 1.04338)
step: 88	0.0429688	(0.000912666, 1.04389)
step: 89	0.043457	(0.000933647, 1.0444)
step: 90	0.0439453	(0.000954866, 1.04491)
step: 91	0.0444336	(0.000976324, 1.04542)
step: 92	0.0449219	(0.00099802, 1.04593)
step: 93	0.0454102	(0.00101995, 1.04645)
step: 94	0.0458984	(0.00104213, 1.04696)
step: 95	0.0463867	(0.00106454, 1.04747)
step: 96	0.046875	(0.00108719, 1.04798)
step: 97	0.0473633	(0.00111008, 1.04849)
step: 98	0.0478516	(0.0011332, 1.049)
step: 99	0.0483398	(0.00115657, 1.04951)
step: 100	0.0488281	(0.00118017, 1.05003)
step: 101	0.0493164	(0.00120401, 1.05054)
step: 102	0.0498047	(0.00122809, 1.05105)
step: 103	0.050293	(0.00125241, 1.05157)
step: 104	0.0507813	(0.00127697, 1.05208)
step: 105	0.0512695	(0.00130177, 1.05259)
step: 106	0.0517578	(0.0013268, 1.05311)
step: 107	0.0522461	(0.00135207, 1.05362)
step: 108	0.0527344	(0.00137758, 1.05414)
step: 109	0.0532227	(0.00140333, 1.05465)
step: 110	0.0537109	(0.00142932, 1.05517)
step: 111	0.0541992	(0.00145555, 1.05568)
step: 112	0.0546875	(0.00148201, 1.0562)
step: 113	0.0551758	(0.00150871, 1.05671)
step: 114	0.0556641	(0.00153565, 1.05723)
step: 115	0.0561523	(0.00156283, 1.05774)
step: 116	0.0566406	(0.00159025, 1.05826)
step: 117	0.0571289	(0.00161791, 1.05878)
step: 118	0.0576172	(0.0016458, 1.05929)
step: 119	0.0581055	(0.00167394, 1.05981)
step: 120	0.0585938	(0.00170231, 1.06033)
step: 121	0.059082	(0.00173092, 1.06085)
step: 122	0.0595703	(0.00175977, 1.06136)
step: 123	0.0600586	(0.00178885, 1.06188)
step: 124	0.0605469	(0.00181818, 1.0624)
step: 125	0.0610352	(0.00184774, 1.06292)
step: 126	0.0615234	(0.00187755, 1.06344)
step: 127	0.0620117	(0.00190759, 1.06396)
step: 128	0.0625	(0.00193787, 1.06448)
step: 129	0.0629883	(0.00196838, 1.065)
step: 130	0.0634766	(0.00199914, 1.06552)
step: 131	0.0639648	(0.00203013, 1.06604)
step: 132	0.0644531	(0.00206137, 1.06656)
step: 133	0.0649414	(0.00209284, 1.06708)
step: 134	0.0654297	(0.00212455, 1.0676)
step: 135	0.065918	(0.0021565, 1.06812)
step: 136	0.0664063	(0.00218868, 1.06864)
step: 137	0.0668945	(0.00222111, 1.06917)
step: 138	0.0673828	(0.00225377, 1.06969)
step: 139	0.0678711	(0.00228667, 1.07021)
step: 140	0.0683594	(0.00231981, 1.07073)
step: 141	0.0688477	(0.00235319, 1.07125)
step: 142	0.0693359	(0.00238681, 1.07178)
step: 143	0.0698242	(0.00242066, 1.0723)
step: 144	0.0703125	(0.00245476, 1.07282)
step: 145	0.0708008	(0.00248909, 1.07335)
step: 146	0.0712891	(0.00252366, 1.07387)
step: 147	0.0717773	(0.00255847, 1.0744)
step: 148	0.0722656	(0.00259352, 1.07492)
step: 149	0.0727539	(0.0026288, 1.07545)
step: 150	0.0732422	(0.00266433, 1.07597)
step: 151	0.0737305	(0.00270009, 1.0765)
step: 152	0.0742188	(0.00273609, 1.07702)
step: 153	0.074707	(0.00277233, 1.07755)
step: 154	0.0751953	(0.00280881, 1.07807)
step: 155	0.0756836	(0.00284553, 1.0786)
step: 156	0.0761719	(0.00288248, 1.07913)
step: 157	0.0766602	(0.00291967, 1.07965)
step: 158	0.0771484	(0.00295711, 1.08018)
step: 159	0.0776367	(0.00299478, 1.08071)
step: 160	0.078125	(0.00303268, 1.08124)
step: 161	0.0786133	(0.00307083, 1.08177)
step: 162	0.0791016	(0.00310922, 1.08229)
step: 163	0.0795898	(0.00314784, 1.08282)
step: 164	0.0800781	(0.0031867, 1.08335)
step: 165	0.0805664	(0.0032258, 1.08388)
step: 166	0.0810547	(0.00326514, 1.08441)
step: 167	0.081543	(0.00330472, 1.08494)
step: 168	0.0820313	(0.00334454, 1.08547)
step: 169	0.0825195	(0.00338459, 1.086)
step: 170	0.0830078	(0.00342488, 1.08653)
step: 171	0.0834961	(0.00346541, 1.08706)
step: 172	0.0839844	(0.00350618, 1.08759)
step: 173	0.0844727	(0.00354719, 1.08812)
step: 174	0.0849609	(0.00358844, 1.08865)
step: 175	0.0854492	(0.00362992, 1.08918)
step: 176	0.0859375	(0.00367165, 1.08972)
step: 177	0.0864258	(0.00371361, 1.09025)
step: 178	0.0869141	(0.00375581, 1.09078)
step: 179	0.0874023	(0.00379825, 1.09131)
step: 180	0.0878906	(0.00384092, 1.09185)
step: 181	0.0883789	(0.00388384, 1.09238)
step: 182	0.0888672	(0.00392699, 1.09291)
step: 183	0.0893555	(0.00397038, 1.09345)
step: 184	0.0898438	(0.00401402, 1.09398)
step: 185	0.090332	(0.00405788, 1.09451)
step: 186	0.0908203	(0.00410199, 1.09505)
step: 187	0.0913086	(0.00414634, 1.09558)
step: 188	0.0917969	(0.00419092, 1.09612)
step: 189	0.0922852	(0.00423574, 1.09665)
step: 190	0.0927734	(0.00428081, 1.09719)
step: 191	0.0932617	(0.00432611, 1.09772)
step: 192	0.09375	(0.00437164, 1.09826)
step: 193	0.0942383	(0.00441742, 1.0988)
step: 194	0.0947266	(0.00446343, 1.09933)
step: 195	0.0952148	(0.00450969, 1.09987)
step: 196	0.0957031	(0.00455618, 1.10041)
step: 197	0.0961914	(0.00460291, 1.10094)
step: 198	0.0966797	(0.00464988, 1.10148)
step: 199	0.097168	(0.00469708, 1.10202)
step: 200	0.0976563	(0.00474453, 1.10256)
step: 201	0.0981445	(0.00479221, 1.1031)
step: 202	0.0986328	(0.00484014, 1.10363)
step: 203	0.0991211	(0.0048883, 1.10417)
step: 204	0.0996094	(0.0049367, 1.10471)
step: 205	0.100098	(0.00498533, 1.10525)
step: 206	0.100586	(0.00503421, 1.10579)
step: 207	0.101074	(0.00508332, 1.10633)
step: 208	0.101563	(0.00513268, 1.10687)
step: 209	0.102051	(0.00518227, 1.10741)
step: 210	0.102539	(0.0052321, 1.10795)
step: 211	0.103027	(0.00528216, 1.10849)
step: 212	0.103516	(0.00533247, 1.10904)
step: 213	0.104004	(0.00538301, 1.10958)
step: 214	0.104492	(0.0054338, 1.11012)
step: 215	0.10498	(0.00548482, 1.11066)
step: 216	0.105469	(0.00553608, 1.1112)
step: 217	0.105957	(0.00558758, 1.11175)
step: 218	0.106445	(0.00563931, 1.11229)
step: 219	0.106934	(0.00569129, 1.11283)
step: 220	0.107422	(0.0057435, 1.11337)
step: 221	0.10791	(0.00579596, 1.11392)
step: 222	0.108398	(0.00584865, 1.11446)
step: 223	0.108887	(0.00590158, 1.11501)
step: 224	0.109375	(0.00595474, 1.11555)
step: 225	0.109863	(0.00600815, 1.1161)
step: 226	0.110352	(0.00606179, 1.11664)
step: 227	0.11084	(0.00611567, 1.11719)
step: 228	0.111328	(0.0061698, 1.11773)
step: 229	0.111816	(0.00622416, 1.11828)
step: 230	0.112305	(0.00627875, 1.11882)
step: 231	0.112793	(0.00633359, 1.11937)
step: 232	0.113281	(0.00638866, 1.11992)
step: 233	0.11377	(0.00644398, 1.12046)
step: 234	0.114258	(0.00649953, 1.12101)
step: 235	0.114746	(0.00655532, 1.12156)
step: 236	0.115234	(0.00661135, 1.1221)
step: 237	0.115723	(0.00666761, 1.12265)
step: 238	0.116211	(0.00672412, 1.1232)
step: 239	0.116699	(0.00678086, 1.12375)
step: 240	0.117188	(0.00683784, 1.1243)
step: 241	0.117676	(0.00689507, 1.12485)
step: 242	0.118164	(0.00695252, 1.1254)
step: 243	0.118652	(0.00701022, 1.12595)
step: 244	0.119141	(0.00706816, 1.1265)
step: 245	0.119629	(0.00712633, 1.12705)
step: 246	0.120117	(0.00718474, 1.1276)
step: 247	0.120605	(0.00724339, 1.12815)
step: 248	0.121094	(0.00730228, 1.1287)
step: 249	0.121582	(0.00736141, 1.12925)
step: 250	0.12207	(0.00742078, 1.1298)
step: 251	0.122559	(0.00748038, 1.13035)
step: 252	0.123047	(0.00754023, 1.1309)
step: 253	0.123535	(0.00760031, 1.13146)
step: 254	0.124023	(0.00766063, 1.13201)
step: 255	0.124512	(0.00772119, 1.13256)
step: 256	0.125	(0.00778198, 1.13311)
step: 257	0.125488	(0.00784302, 1.13367)
step: 258	0.125977	(0.00790429, 1.13422)
step: 259	0.126465	(0.0079658, 1.13477)
step: 260	0.126953	(0.00802755, 1.13533)
step: 261	0.127441	(0.00808954, 1.13588)
step: 262	0.12793	(0.00815177, 1.13644)
step: 263	0.128418	(0.00821424, 1.13699)
step: 264	0.128906	(0.00827694, 1.13755)
step: 265	0.129395	(0.00833988, 1.1381)
step: 266	0.129883	(0.00840306, 1.13866)
step: 267	0.130371	(0.00846648, 1.13921)
step: 268	0.130859	(0.00853014, 1.13977)
step: 269	0.131348	(0.00859404, 1.14033)
step: 270	0.131836	(0.00865817, 1.14088)
step: 271	0.132324	(0.00872254, 1.14144)
step: 272	0.132813	(0.00878716, 1.142)
step: 273	0.133301	(0.00885201, 1.14256)
step: 274	0.133789	(0.00891709, 1.14311)
step: 275	0.134277	(0.00898242, 1.14367)
step: 276	0.134766	(0.00904799, 1.14423)
step: 277	0.135254	(0.00911379, 1.14479)
step: 278	0.135742	(0.00917983, 1.14535)
step: 279	0.13623	(0.00924611, 1.14591)
step: 280	0.136719	(0.00931263, 1.14647)
step: 281	0.137207	(0.00937939, 1.14703)
step: 282	0.137695	(0.00944638, 1.14759)
step: 283	0.138184	(0.00951362, 1.14815)
step: 284	0.138672	(0.00958109, 1.14871)
step: 285	0.13916	(0.0096488, 1.14927)
step: 286	0.139648	(0.00971675, 1.14983)
step: 287	0.140137	(0.00978494, 1.15039)
step: 288	0.140625	(0.00985336, 1.15095)
step: 289	0.141113	(0.00992203, 1.15152)
step: 290	0.141602	(0.00999093, 1.15208)
step: 291	0.14209	(0.0100601, 1.15264)
step: 292	0.142578	(0.0101295, 1.1532)
step: 293	0.143066	(0.0101991, 1.15377)
step: 294	0.143555	(0.0102689, 1.15433)
step: 295	0.144043	(0.010339, 1.15489)
step: 296	0.144531	(0.0104094, 1.15546)
step: 297	0.14502	(0.0104799, 1.15602)
step: 298	0.145508	(0.0105507, 1.15659)
step: 299	0.145996	(0.0106218, 1.15715)
step: 300	0.146484	(0.0106931, 1.15772)
step: 301	0.146973	(0.0107646, 1.15828)
step: 302	0.147461	(0.0108364, 1.15885)
step: 303	0.147949	(0.0109084, 1.15941)
step: 304	0.148438	(0.0109806, 1.15998)
step: 305	0.148926	(0.0110531, 1.16054)
step: 306	0.149414	(0.0111258, 1.16111)
step: 307	0.149902	(0.0111988, 1.16168)
step: 308	0.150391	(0.011272, 1.16225)
step: 309	0.150879	(0.0113454, 1.16281)
step: 310	0.151367	(0.0114191, 1.16338)
step: 311	0.151855	(0.011493, 1.16395)
step: 312	0.152344	(0.0115671, 1.16452)
step: 313	0.152832	(0.0116415, 1.16509)
step: 314	0.15332	(0.0117161, 1.16565)
step: 315	0.153809	(0.011791, 1.16622)
step: 316	0.154297	(0.0118661, 1.16679)
step: 317	0.154785	(0.0119414, 1.16736)
step: 318	0.155273	(0.012017, 1.16793)
step: 319	0.155762	(0.0120928, 1.1685)
step: 320	0.15625	(0.0121689, 1.16907)
step: 321	0.156738	(0.0122452, 1.16964)
step: 322	0.157227	(0.0123217, 1.17022)
step: 323	0.157715	(0.0123985, 1.17079)
step: 324	0.158203	(0.0124755, 1.17136)
step: 325	0.158691	(0.0125527, 1.17193)
step: 326	0.15918	(0.0126302, 1.1725)
step: 327	0.159668	(0.0127079, 1.17308)
step: 328	0.160156	(0.0127859, 1.17365)
step: 329	0.160645	(0.0128641, 1.17422)
step: 330	0.161133	(0.0129426, 1.17479)
step: 331	0.161621	(0.0130212, 1.17537)
step: 332	0.162109	(0.0131001, 1.17594)
step: 333	0.162598	(0.0131793, 1.17652)
step: 334	0.163086	(0.0132587, 1.17709)
step: 335	0.163574	(0.0133383, 1.17767)
step: 336	0.164063	(0.0134182, 1.17824)
step: 337	0.164551	(0.0134983, 1.17882)
step: 338	0.165039	(0.0135787, 1.17939)
step: 339	0.165527	(0.0136592, 1.17997)
step: 340	0.166016	(0.0137401, 1.18054)
step: 341	0.166504	(0.0138211, 1.18112)
step: 342	0.166992	(0.0139024, 1.1817)
step: 343	0.16748	(0.013984, 1.18227)
step: 344	0.167969	(0.0140657, 1.18285)
step: 345	0.168457	(0.0141478, 1.18343)
step: 346	0.168945	(0.01423, 1.18401)
step: 347	0.169434	(0.0143125, 1.18458)
step: 348	0.169922	(0.0143952, 1.18516)
step: 349	0.17041	(0.0144782, 1.18574)
step: 350	0.170898	(0.0145614, 1.18632)
step: 351	0.171387	(0.0146449, 1.1869)
step: 352	0.171875	(0.0147285, 1.18748)
step: 353	0.172363	(0.0148125, 1.18806)
step: 354	0.172852	(0.0148966, 1.18864)
step: 355	0.17334	(0.014981, 1.18922)
step: 356	0.173828	(0.0150657, 1.1898)
step: 357	0.174316	(0.0151505, 1.19038)
step: 358	0.174805	(0.0152357, 1.19096)
step: 359	0.175293	(0.015321, 1.19154)
step: 360	0.175781	(0.0154066, 1.19213)
step: 361	0.17627	(0.0154924, 1.19271)
step: 362	0.176758	(0.0155785, 1.19329)
step: 363	0.177246	(0.0156648, 1.19387)
step: 364	0.177734	(0.0157514, 1.19446)
step: 365	0.178223	(0.0158381, 1.19504)
step: 366	0.178711	(0.0159252, 1.19562)
step: 367	0.179199	(0.0160124, 1.19621)
step: 368	0.179688	(0.0160999, 1.19679)
step: 369	0.180176	(0.0161877, 1.19738)
step: 370	0.180664	(0.0162756, 1.19796)
step: 371	0.181152	(0.0163639, 1.19854)
step: 372	0.181641	(0.0164523, 1.19913)
step: 373	0.182129	(0.016541, 1.19972)
step: 374	0.182617	(0.0166299, 1.2003)
step: 375	0.183105	(0.0167191, 1.20089)
step: 376	0.183594	(0.0168085, 1.20147)
step: 377	0.184082	(0.0168982, 1.20206)
step: 378	0.18457	(0.016988, 1.20265)
step: 379	0.185059	(0.0170782, 1.20323)
step: 380	0.185547	(0.0171685, 1.20382)
step: 381	0.186035	(0.0172591, 1.20441)
step: 382	0.186523	(0.01735, 1.205)
step: 383	0.187012	(0.017441, 1.20559)
step: 384	0.1875	(0.0175323, 1.20618)
step: 385	0.187988	(0.0176239, 1.20676)
step: 386	0.188477	(0.0177157, 1.20735)
step: 387	0.188965	(0.0178077, 1.20794)
step: 388	0.189453	(0.0179, 1.20853)
step: 389	0.189941	(0.0179925, 1.20912)
step: 390	0.19043	(0.0180852, 1.20971)
step: 391	0.190918	(0.0181782, 1.2103)
step: 392	0.191406	(0.0182714, 1.21089)
step: 393	0.191895	(0.0183649, 1.21149)
step: 394	0.192383	(0.0184586, 1.21208)
step: 395	0.192871	(0.0185525, 1.21267)
step: 396	0.193359	(0.0186467, 1.21326)
step: 397	0.193848	(0.0187411, 1.21385)
step: 398	0.194336	(0.0188358, 1.21445)
step: 399	0.194824	(0.0189307, 1.21504)
step: 400	0.195313	(0.0190258, 1.21563)
step: 401	0.195801	(0.0191212, 1.21623)
step: 402	0.196289	(0.0192168, 1.21682)
step: 403	0.196777	(0.0193126, 1.21741)
step: 404	0.197266	(0.0194087, 1.21801)
step: 405	0.197754	(0.019505, 1.2186)
step: 406	0.198242	(0.0196016, 1.2192)
step: 407	0.19873	(0.0196984, 1.21979)
step: 408	0.199219	(0.0197954, 1.22039)
step: 409	0.199707	(0.0198927, 1.22099)
step: 410	0.200195	(0.0199902, 1.22158)
step: 411	0.200684	(0.020088, 1.22218)
step: 412	0.201172	(0.0201859, 1.22277)
step: 413	0.20166	(0.0202842, 1.22337)
step: 414	0.202148	(0.0203826, 1.22397)
step: 415	0.202637	(0.0204813, 1.22457)
step: 416	0.203125	(0.0205803, 1.22516)
step: 417	0.203613	(0.0206795, 1.22576)
step: 418	0.204102	(0.0207789, 1.22636)
step: 419	0.20459	(0.0208786, 1.22696)
step: 420	0.205078	(0.0209785, 1.22756)
step: 421	0.205566	(0.0210786, 1.22816)
step: 422	0.206055	(0.021179, 1.22876)
step: 423	0.206543	(0.0212796, 1.22936)
step: 424	0.207031	(0.0213804, 1.22996)
step: 425	0.20752	(0.0214815, 1.23056)
step: 426	0.208008	(0.0215828, 1.23116)
step: 427	0.208496	(0.0216844, 1.23176)
step: 428	0.208984	(0.0217862, 1.23236)
step: 429	0.209473	(0.0218883, 1.23296)
step: 430	0.209961	(0.0219905, 1.23357)
step: 431	0.210449	(0.0220931, 1.23417)
step: 432	0.210938	(0.0221958, 1.23477)
step: 433	0.211426	(0.0222988, 1.23537)
step: 434	0.211914	(0.022402, 1.23598)
step: 435	0.212402	(0.0225055, 1.23658)
step: 436	0.212891	(0.0226092, 1.23719)
step: 437	0.213379	(0.0227132, 1.23779)
step: 438	0.213867	(0.0228174, 1.23839)
step: 439	0.214355	(0.0229218, 1.239)
step: 440	0.214844	(0.0230265, 1.2396)
step: 441	0.215332	(0.0231314, 1.24021)
step: 442	0.21582	(0.0232365, 1.24081)
step: 443	0.216309	(0.0233419, 1.24142)
step: 444	0.216797	(0.0234475, 1.24203)
step: 445	0.217285	(0.0235534, 1.24263)
step: 446	0.217773	(0.0236595, 1.24324)
step: 447	0.218262	(0.0237658, 1.24385)
step: 448	0.21875	(0.0238724, 1.24445)
step: 449	0.219238	(0.0239792, 1.24506)
step: 450	0.219727	(0.0240862, 1.24567)
step: 451	0.220215	(0.0241935, 1.24628)
step: 452	0.220703	(0.0243011, 1.24689)
step: 453	0.221191	(0.0244088, 1.24749)
step: 454	0.22168	(0.0245168, 1.2481)
step: 455	0.222168	(0.0246251, 1.24871)
step: 456	0.222656	(0.0247335, 1.24932)
step: 457	0.223145	(0.0248423, 1.24993)
step: 458	0.223633	(0.0249512, 1.25054)
step: 459	0.224121	(0.0250604, 1.25115)
step: 460	0.224609	(0.0251698, 1.25177)
step: 461	0.225098	(0.0252795, 1.25238)
step: 462	0.225586	(0.0253894, 1.25299)
step: 463	0.226074	(0.0254996, 1.2536)
step: 464	0.226563	(0.02561, 1.25421)
step: 465	0.227051	(0.0257206, 1.25482)
step: 466	0.227539	(0.0258315, 1.25544)
step: 467	0.228027	(0.0259426, 1.25605)
step: 468	0.228516	(0.0260539, 1.25666)
step: 469	0.229004	(0.0261655, 1.25728)
step: 470	0.229492	(0.0262773, 1.25789)
step: 471	0.22998	(0.0263894, 1.2585)
step: 472	0.230469	(0.0265017, 1.25912)
step: 473	0.230957	(0.0266142, 1.25973)
step: 474	0.231445	(0.026727, 1.26035)
step: 475	0.231934	(0.02684, 1.26096)
step: 476	0.232422	(0.0269532, 1.26158)
step: 477	0.23291	(0.0270667, 1.2622)
step: 478	0.233398	(0.0271804, 1.26281)
step: 479	0.233887	(0.0272944, 1.26343)
step: 480	0.234375	(0.0274086, 1.26405)
step: 481	0.234863	(0.027523, 1.26466)
step: 482	0.235352	(0.0276377, 1.26528)
step: 483	0.23584	(0.0277526, 1.2659)
step: 484	0.236328	(0.0278678, 1.26652)
step: 485	0.236816	(0.0279832, 1.26714)
step: 486	0.237305	(0.0280988, 1.26775)
step: 487	0.237793	(0.0282147, 1.26837)
step: 488	0.238281	(0.0283308, 1.26899)
step: 489	0.23877	(0.0284472, 1.26961)
step: 490	0.239258	(0.0285637, 1.27023)
step: 491	0.239746	(0.0286806, 1.27085)
step: 492	0.240234	(0.0287976, 1.27147)
step: 493	0.240723	(0.0289149, 1.27209)
step: 494	0.241211	(0.0290325, 1.27271)
step: 495	0.241699	(0.0291502, 1.27334)
step: 496	0.242188	(0.0292683, 1.27396)
step: 497	0.242676	(0.0293865, 1.27458)
step: 498	0.243164	(0.029505, 1.2752)
step: 499	0.243652	(0.0296237, 1.27582)
step: 500	0.244141	(0.0297427, 1.27645)
step: 501	0.244629	(0.0298619, 1.27707)
step: 502	0.245117	(0.0299814, 1.27769)
step: 503	0.245605	(0.0301011, 1.27832)
step: 504	0.246094	(0.030221, 1.27894)
step: 505	0.246582	(0.0303411, 1.27957)
step: 506	0.24707	(0.0304615, 1.28019)
step: 507	0.247559	(0.0305822, 1.28082)
step: 508	0.248047	(0.0307031, 1.28144)
step: 509	0.248535	(0.0308242, 1.28207)
step: 510	0.249023	(0.0309455, 1.28269)
step: 511	0.249512	(0.0310671, 1.28332)
step: 512	0.25	(0.031189, 1.28395)
step: 513	0.250488	(0.031311, 1.28457)
step: 514	0.250977	(0.0314333, 1.2852)
step: 515	0.251465	(0.0315559, 1.28583)
step: 516	0.251953	(0.0316787, 1.28646)
step: 517	0.252441	(0.0318017, 1.28708)
step: 518	0.25293	(0.031925, 1.28771)
step: 519	0.253418	(0.0320485, 1.28834)
step: 520	0.253906	(0.0321722, 1.28897)
step: 521	0.254395	(0.0322962, 1.2896)
step: 522	0.254883	(0.0324204, 1.29023)
step: 523	0.255371	(0.0325449, 1.29086)
step: 524	0.255859	(0.0326695, 1.29149)
step: 525	0.256348	(0.0327945, 1.29212)
step: 526	0.256836	(0.0329196, 1.29275)
step: 527	0.257324	(0.0330451, 1.29338)
step: 528	0.257813	(0.0331707, 1.29401)
step: 529	0.258301	(0.0332966, 1.29465)
step: 530	0.258789	(0.0334227, 1.29528)
step: 531	0.259277	(0.0335491, 1.29591)
step: 532	0.259766	(0.0336757, 1.29654)
step: 533	0.260254	(0.0338025, 1.29718)
step: 534	0.260742	(0.0339296, 1.29781)
step: 535	0.26123	(0.0340569, 1.29844)
step: 536	0.261719	(0.0341845, 1.29908)
step: 537	0.262207	(0.0343122, 1.29971)
step: 538	0.262695	(0.0344403, 1.30035)
step: 539	0.263184	(0.0345685, 1.30098)
step: 540	0.263672	(0.0346971, 1.30162)
step: 541	0.26416	(0.0348258, 1.30225)
step: 542	0.264648	(0.0349548, 1.30289)
step: 543	0.265137	(0.035084, 1.30352)
step: 544	0.265625	(0.0352135, 1.30416)
step: 545	0.266113	(0.0353432, 1.3048)
step: 546	0.266602	(0.0354731, 1.30544)
step: 547	0.26709	(0.0356033, 1.30607)
step: 548	0.267578	(0.0357337, 1.30671)
step: 549	0.268066	(0.0358644, 1.30735)
step: 550	0.268555	(0.0359952, 1.30799)
step: 551	0.269043	(0.0361264, 1.30863)
step: 552	0.269531	(0.0362577, 1.30926)
step: 553	0.27002	(0.0363894, 1.3099)
step: 554	0.270508	(0.0365212, 1.31054)
step: 555	0.270996	(0.0366533, 1.31118)
step: 556	0.271484	(0.0367856, 1.31182)
step: 557	0.271973	(0.0369182, 1.31246)
step: 558	0.272461	(0.037051, 1.3131)
step: 559	0.272949	(0.037184, 1.31375)
step: 560	0.273438	(0.0373173, 1.31439)
step: 561	0.273926	(0.0374508, 1.31503)
step: 562	0.274414	(0.0375845, 1.31567)
step: 563	0.274902	(0.0377185, 1.31631)
step: 564	0.275391	(0.0378528, 1.31696)
step: 565	0.275879	(0.0379872, 1.3176)
step: 566	0.276367	(0.0381219, 1.31824)
step: 567	0.276855	(0.0382569, 1.31889)
step: 568	0.277344	(0.0383921, 1.31953)
step: 569	0.277832	(0.0385275, 1.32017)
step: 570	0.27832	(0.0386631, 1.32082)
step: 571	0.278809	(0.038799, 1.32146)
step: 572	0.279297	(0.0389352, 1.32211)
step: 573	0.279785	(0.0390716, 1.32276)
step: 574	0.280273	(0.0392082, 1.3234)
step: 575	0.280762	(0.039345, 1.32405)
step: 576	0.28125	(0.0394821, 1.32469)
step: 577	0.281738	(0.0396194, 1.32534)
step: 578	0.282227	(0.039757, 1.32599)
step: 579	0.282715	(0.0398948, 1.32664)
step: 580	0.283203	(0.0400329, 1.32728)
step: 581	0.283691	(0.0401711, 1.32793)
step: 582	0.28418	(0.0403097, 1.32858)
step: 583	0.284668	(0.0404484, 1.32923)
step: 584	0.285156	(0.0405874, 1.32988)
step: 585	0.285645	(0.0407267, 1.33053)
step: 586	0.286133	(0.0408661, 1.33118)
step: 587	0.286621	(0.0410058, 1.33183)
step: 588	0.287109	(0.0411458, 1.33248)
step: 589	0.287598	(0.041286, 1.33313)
step: 590	0.288086	(0.0414264, 1.33378)
step: 591	0.288574	(0.0415671, 1.33443)
step: 592	0.289063	(0.041708, 1.33508)
step: 593	0.289551	(0.0418491, 1.33573)
step: 594	0.290039	(0.0419905, 1.33639)
step: 595	0.290527	(0.0421321, 1.33704)
step: 596	0.291016	(0.042274, 1.33769)
step: 597	0.291504	(0.0424161, 1.33834)
step: 598	0.291992	(0.0425584, 1.339)
step: 599	0.29248	(0.042701, 1.33965)
step: 600	0.292969	(0.0428438, 1.34031)
step: 601	0.293457	(0.0429869, 1.34096)
step: 602	0.293945	(0.0431302, 1.34161)
step: 603	0.294434	(0.0432737, 1.34227)
step: 604	0.294922	(0.0434175, 1.34292)
step: 605	0.29541	(0.0435615, 1.34358)
step: 606	0.295898	(0.0437057, 1.34424)
step: 607	0.296387	(0.0438502, 1.34489)
step: 608	0.296875	(0.0439949, 1.34555)
step: 609	0.297363	(0.0441399, 1.34621)
step: 610	0.297852	(0.0442851, 1.34686)
step: 611	0.29834	(0.0444305, 1.34752)
step: 612	0.298828	(0.0445762, 1.34818)
step: 613	0.299316	(0.0447221, 1.34884)
step: 614	0.299805	(0.0448682, 1.3495)
step: 615	0.300293	(0.0450146, 1.35016)
step: 616	0.300781	(0.0451612, 1.35081)
step: 617	0.30127	(0.0453081, 1.35147)
step: 618	0.301758	(0.0454552, 1.35213)
step: 619	0.302246	(0.0456026, 1.35279)
step: 620	0.302734	(0.0457501, 1.35345)
step: 621	0.303223	(0.045898, 1.35412)
step: 622	0.303711	(0.046046, 1.35478)
step: 623	0.304199	(0.0461943, 1.35544)
step: 624	0.304688	(0.0463428, 1.3561)
step: 625	0.305176	(0.0464916, 1.35676)
step: 626	0.305664	(0.0466406, 1.35742)
step: 627	0.306152	(0.0467899, 1.35809)
step: 628	0.306641	(0.0469394, 1.35875)
step: 629	0.307129	(0.0470891, 1.35941)
step: 630	0.307617	(0.0472391, 1.36008)
step: 631	0.308105	(0.0473893, 1.36074)
step: 632	0.308594	(0.0475397, 1.36141)
step: 633	0.309082	(0.0476904, 1.36207)
step: 634	0.30957	(0.0478413, 1.36274)
step: 635	0.310059	(0.0479925, 1.3634)
step: 636	0.310547	(0.0481439, 1.36407)
step: 637	0.311035	(0.0482955, 1.36473)
step: 638	0.311523	(0.0484474, 1.3654)
step: 639	0.312012	(0.0485995, 1.36607)
step: 640	0.3125	(0.0487518, 1.36673)
step: 641	0.312988	(0.0489044, 1.3674)
step: 642	0.313477	(0.0490572, 1.36807)
step: 643	0.313965	(0.0492103, 1.36874)
step: 644	0.314453	(0.0493636, 1.36941)
step: 645	0.314941	(0.0495172, 1.37007)
step: 646	0.31543	(0.0496709, 1.37074)
step: 647	0.315918	(0.049825, 1.37141)
step: 648	0.316406	(0.0499792, 1.37208)
step: 649	0.316895	(0.0501337, 1.37275)
step: 650	0.317383	(0.0502884, 1.37342)
step: 651	0.317871	(0.0504434, 1.37409)
step: 652	0.318359	(0.0505986, 1.37476)
step: 653	0.318848	(0.0507541, 1.37543)
step: 654	0.319336	(0.0509098, 1.37611)
step: 655	0.319824	(0.0510657, 1.37678)
step: 656	0.320313	(0.0512218, 1.37745)
step: 657	0.320801	(0.0513783, 1.37812)
step: 658	0.321289	(0.0515349, 1.3788)
step: 659	0.321777	(0.0516918, 1.37947)
step: 660	0.322266	(0.0518489, 1.38014)
step: 661	0.322754	(0.0520062, 1.38082)
step: 662	0.323242	(0.0521638, 1.38149)
step: 663	0.32373	(0.0523217, 1.38217)
step: 664	0.324219	(0.0524797, 1.38284)
step: 665	0.324707	(0.0526381, 1.38352)
step: 666	0.325195	(0.0527966, 1.38419)
step: 667	0.325684	(0.0529554, 1.38487)
step: 668	0.326172	(0.0531144, 1.38554)
step: 669	0.32666	(0.0532737, 1.38622)
step: 670	0.327148	(0.0534332, 1.3869)
step: 671	0.327637	(0.0535929, 1.38757)
step: 672	0.328125	(0.0537529, 1.38825)
step: 673	0.328613	(0.0539131, 1.38893)
step: 674	0.329102	(0.0540736, 1.38961)
step: 675	0.32959	(0.0542343, 1.39029)
step: 676	0.330078	(0.0543952, 1.39096)
step: 677	0.330566	(0.0545564, 1.39164)
step: 678	0.331055	(0.0547178, 1.39232)
step: 679	0.331543	(0.0548794, 1.393)
step: 680	0.332031	(0.0550413, 1.39368)
step: 681	0.33252	(0.0552034, 1.39436)
step: 682	0.333008	(0.0553658, 1.39504)
step: 683	0.333496	(0.0555284, 1.39573)
step: 684	0.333984	(0.0556912, 1.39641)
step: 685	0.334473	(0.0558543, 1.39709)
step: 686	0.334961	(0.0560176, 1.39777)
step: 687	0.335449	(0.0561812, 1.39845)
step: 688	0.335938	(0.056345, 1.39914)
step: 689	0.336426	(0.056509, 1.39982)
step: 690	0.336914	(0.0566733, 1.4005)
step: 691	0.337402	(0.0568378, 1.40119)
step: 692	0.337891	(0.0570025, 1.40187)
step: 693	0.338379	(0.0571675, 1.40256)
step: 694	0.338867	(0.0573328, 1.40324)
step: 695	0.339355	(0.0574982, 1.40393)
step: 696	0.339844	(0.0576639, 1.40461)
step: 697	0.340332	(0.0578299, 1.4053)
step: 698	0.34082	(0.057996, 1.40598)
step: 699	0.341309	(0.0581625, 1.40667)
step: 700	0.341797	(0.0583291, 1.40736)
step: 701	0.342285	(0.058496, 1.40804)
step: 702	0.342773	(0.0586631, 1.40873)
step: 703	0.343262	(0.0588305, 1.40942)
step: 704	0.34375	(0.0589981, 1.41011)
step: 705	0.344238	(0.059166, 1.4108)
step: 706	0.344727	(0.059334, 1.41149)
step: 707	0.345215	(0.0595024, 1.41217)
step: 708	0.345703	(0.0596709, 1.41286)
step: 709	0.346191	(0.0598397, 1.41355)
step: 710	0.34668	(0.0600088, 1.41424)
step: 711	0.347168	(0.060178, 1.41493)
step: 712	0.347656	(0.0603476, 1.41563)
step: 713	0.348145	(0.0605173, 1.41632)
step: 714	0.348633	(0.0606873, 1.41701)
step: 715	0.349121	(0.0608575, 1.4177)
step: 716	0.349609	(0.061028, 1.41839)
step: 717	0.350098	(0.0611987, 1.41908)
step: 718	0.350586	(0.0613697, 1.41978)
step: 719	0.351074	(0.0615408, 1.42047)
step: 720	0.351563	(0.0617123, 1.42116)
step: 721	0.352051	(0.0618839, 1.42186)
step: 722	0.352539	(0.0620558, 1.42255)
step: 723	0.353027	(0.062228, 1.42325)
step: 724	0.353516	(0.0624003, 1.42394)
step: 725	0.354004	(0.062573, 1.42464)
step: 726	0.354492	(0.0627458, 1.42533)
step: 727	0.35498	(0.0629189, 1.42603)
step: 728	0.355469	(0.0630922, 1.42673)
step: 729	0.355957	(0.0632658, 1.42742)
step: 730	0.356445	(0.0634396, 1.42812)
step: 731	0.356934	(0.0636137, 1.42882)
step: 732	0.357422	(0.0637879, 1.42951)
step: 733	0.35791	(0.0639625, 1.43021)
step: 734	0.358398	(0.0641372, 1.43091)
step: 735	0.358887	(0.0643122, 1.43161)
step: 736	0.359375	(0.0644875, 1.43231)
step: 737	0.359863	(0.0646629, 1.43301)
step: 738	0.360352	(0.0648386, 1.43371)
step: 739	0.36084	(0.0650146, 1.43441)
step: 740	0.361328	(0.0651908, 1.43511)
step: 741	0.361816	(0.0653672, 1.43581)
step: 742	0.362305	(0.0655439, 1.43651)
step: 743	0.362793	(0.0657208, 1.43721)
step: 744	0.363281	(0.0658979, 1.43791)
step: 745	0.36377	(0.0660753, 1.43861)
step: 746	0.364258	(0.0662529, 1.43932)
step: 747	0.364746	(0.0664308, 1.44002)
step: 748	0.365234	(0.0666089, 1.44072)
step: 749	0.365723	(0.0667872, 1.44143)
step: 750	0.366211	(0.0669658, 1.44213)
step: 751	0.366699	(0.0671446, 1.44283)
step: 752	0.367188	(0.0673237, 1.44354)
step: 753	0.367676	(0.067503, 1.44424)
step: 754	0.368164	(0.0676825, 1.44495)
step: 755	0.368652	(0.0678623, 1.44565)
step: 756	0.369141	(0.0680423, 1.44636)
step: 757	0.369629	(0.0682225, 1.44707)
step: 758	0.370117	(0.068403, 1.44777)
step: 759	0.370605	(0.0685837, 1.44848)
step: 760	0.371094	(0.0687647, 1.44919)
step: 761	0.371582	(0.0689459, 1.4499)
step: 762	0.37207	(0.0691273, 1.4506)
step: 763	0.372559	(0.069309, 1.45131)
step: 764	0.373047	(0.0694909, 1.45202)
step: 765	0.373535	(0.0696731, 1.45273)
step: 766	0.374023	(0.0698555, 1.45344)
step: 767	0.374512	(0.0700381, 1.45415)
step: 768	0.375	(0.0702209, 1.45486)
step: 769	0.375488	(0.0704041, 1.45557)
step: 770	0.375977	(0.0705874, 1.45628)
step: 771	0.376465	(0.070771, 1.45699)
step: 772	0.376953	(0.0709548, 1.4577)
step: 773	0.377441	(0.0711389, 1.45841)
step: 774	0.37793	(0.0713232, 1.45913)
step: 775	0.378418	(0.0715077, 1.45984)
step: 776	0.378906	(0.0716925, 1.46055)
step: 777	0.379395	(0.0718775, 1.46126)
step: 778	0.379883	(0.0720627, 1.46198)
step: 779	0.380371	(0.0722482, 1.46269)
step: 780	0.380859	(0.0724339, 1.46341)
step: 781	0.381348	(0.0726199, 1.46412)
step: 782	0.381836	(0.0728061, 1.46484)
step: 783	0.382324	(0.0729926, 1.46555)
step: 784	0.382813	(0.0731792, 1.46627)
step: 785	0.383301	(0.0733662, 1.46698)
step: 786	0.383789	(0.0735533, 1.4677)
step: 787	0.384277	(0.0737407, 1.46841)
step: 788	0.384766	(0.0739284, 1.46913)
step: 789	0.385254	(0.0741162, 1.46985)
step: 790	0.385742	(0.0743043, 1.47057)
step: 791	0.38623	(0.0744927, 1.47129)
step: 792	0.386719	(0.0746813, 1.472)
step: 793	0.387207	(0.0748701, 1.47272)
step: 794	0.387695	(0.0750592, 1.47344)
step: 795	0.388184	(0.0752485, 1.47416)
step: 796	0.388672	(0.075438, 1.47488)
step: 797	0.38916	(0.0756278, 1.4756)
step: 798	0.389648	(0.0758178, 1.47632)
step: 799	0.390137	(0.0760081, 1.47704)
step: 800	0.390625	(0.0761986, 1.47776)
step: 801	0.391113	(0.0763893, 1.47848)
step: 802	0.391602	(0.0765803, 1.47921)
step: 803	0.39209	(0.0767715, 1.47993)
step: 804	0.392578	(0.0769629, 1.48065)
step: 805	0.393066	(0.0771546, 1.48137)
step: 806	0.393555	(0.0773466, 1.4821)
step: 807	0.394043	(0.0775387, 1.48282)
step: 808	0.394531	(0.0777311, 1.48355)
step: 809	0.39502	(0.0779238, 1.48427)
step: 810	0.395508	(0.0781167, 1.48499)
step: 811	0.395996	(0.0783098, 1.48572)
step: 812	0.396484	(0.0785031, 1.48645)
step: 813	0.396973	(0.0786967, 1.48717)
step: 814	0.397461	(0.0788906, 1.4879)
step: 815	0.397949	(0.0790846, 1.48862)
step: 816	0.398438	(0.0792789, 1.48935)
step: 817	0.398926	(0.0794735, 1.49008)
step: 818	0.399414	(0.0796683, 1.49081)
step: 819	0.399902	(0.0798633, 1.49153)
step: 820	0.400391	(0.0800586, 1.49226)
step: 821	0.400879	(0.0802541, 1.49299)
step: 822	0.401367	(0.0804498, 1.49372)
step: 823	0.401855	(0.0806458, 1.49445)
step: 824	0.402344	(0.080842, 1.49518)
step: 825	0.402832	(0.0810385, 1.49591)
step: 826	0.40332	(0.0812352, 1.49664)
step: 827	0.403809	(0.0814321, 1.49737)
step: 828	0.404297	(0.0816293, 1.4981)
step: 829	0.404785	(0.0818267, 1.49883)
step: 830	0.405273	(0.0820243, 1.49956)
step: 831	0.405762	(0.0822222, 1.5003)
step: 832	0.40625	(0.0824203, 1.50103)
step: 833	0.406738	(0.0826187, 1.50176)
step: 834	0.407227	(0.0828173, 1.5025)
step: 835	0.407715	(0.0830162, 1.50323)
step: 836	0.408203	(0.0832152, 1.50396)
step: 837	0.408691	(0.0834146, 1.5047)
step: 838	0.40918	(0.0836141, 1.50543)
step: 839	0.409668	(0.0838139, 1.50617)
step: 840	0.410156	(0.0840139, 1.5069)
step: 841	0.410645	(0.0842142, 1.50764)
step: 842	0.411133	(0.0844147, 1.50837)
step: 843	0.411621	(0.0846155, 1.50911)
step: 844	0.412109	(0.0848165, 1.50985)
step: 845	0.412598	(0.0850177, 1.51058)
step: 846	0.413086	(0.0852191, 1.51132)
step: 847	0.413574	(0.0854208, 1.51206)
step: 848	0.414063	(0.0856228, 1.5128)
step: 849	0.414551	(0.085825, 1.51354)
step: 850	0.415039	(0.0860274, 1.51428)
step: 851	0.415527	(0.08623, 1.51502)
step: 852	0.416016	(0.0864329, 1.51576)
step: 853	0.416504	(0.0866361, 1.5165)
step: 854	0.416992	(0.0868394, 1.51724)
step: 855	0.41748	(0.087043, 1.51798)
step: 856	0.417969	(0.0872469, 1.51872)
step: 857	0.418457	(0.087451, 1.51946)
step: 858	0.418945	(0.0876553, 1.5202)
step: 859	0.419434	(0.0878599, 1.52094)
step: 860	0.419922	(0.0880647, 1.52169)
step: 861	0.42041	(0.0882697, 1.52243)
step: 862	0.420898	(0.088475, 1.52317)
step: 863	0.421387	(0.0886805, 1.52392)
step: 864	0.421875	(0.0888863, 1.52466)
step: 865	0.422363	(0.0890923, 1.52541)
step: 866	0.422852	(0.0892985, 1.52615)
step: 867	0.42334	(0.089505, 1.5269)
step: 868	0.423828	(0.0897117, 1.52764)
step: 869	0.424316	(0.0899186, 1.52839)
step: 870	0.424805	(0.0901258, 1.52913)
step: 871	0.425293	(0.0903332, 1.52988)
step: 872	0.425781	(0.0905409, 1.53063)
step: 873	0.42627	(0.0907488, 1.53137)
step: 874	0.426758	(0.0909569, 1.53212)
step: 875	0.427246	(0.0911653, 1.53287)
step: 876	0.427734	(0.0913739, 1.53362)
step: 877	0.428223	(0.0915828, 1.53437)
step: 878	0.428711	(0.0917919, 1.53512)
step: 879	0.429199	(0.0920012, 1.53587)
step: 880	0.429688	(0.0922108, 1.53662)
step: 881	0.430176	(0.0924206, 1.53737)
step: 882	0.430664	(0.0926306, 1.53812)
step: 883	0.431152	(0.0928409, 1.53887)
step: 884	0.431641	(0.0930514, 1.53962)
step: 885	0.432129	(0.0932622, 1.54037)
step: 886	0.432617	(0.0934732, 1.54112)
step: 887	0.433105	(0.0936844, 1.54188)
step: 888	0.433594	(0.0938959, 1.54263)
step: 889	0.434082	(0.0941076, 1.54338)
step: 890	0.43457	(0.0943196, 1.54414)
step: 891	0.435059	(0.0945318, 1.54489)
step: 892	0.435547	(0.0947442, 1.54564)
step: 893	0.436035	(0.0949569, 1.5464)
step: 894	0.436523	(0.0951698, 1.54715)
step: 895	0.437012	(0.0953829, 1.54791)
step: 896	0.4375	(0.0955963, 1.54866)
step: 897	0.437988	(0.0958099, 1.54942)
step: 898	0.438477	(0.0960238, 1.55018)
step: 899	0.438965	(0.0962379, 1.55093)
step: 900	0.439453	(0.0964522, 1.55169)
step: 901	0.439941	(0.0966668, 1.55245)
step: 902	0.44043	(0.0968816, 1.55321)
step: 903	0.440918	(0.0970967, 1.55397)
step: 904	0.441406	(0.097312, 1.55472)
step: 905	0.441895	(0.0975275, 1.55548)
step: 906	0.442383	(0.0977433, 1.55624)
step: 907	0.442871	(0.0979593, 1.557)
step: 908	0.443359	(0.0981755, 1.55776)
step: 909	0.443848	(0.098392, 1.55852)
step: 910	0.444336	(0.0986087, 1.55929)
step: 911	0.444824	(0.0988257, 1.56005)
step: 912	0.445313	(0.0990429, 1.56081)
step: 913	0.445801	(0.0992603, 1.56157)
step: 914	0.446289	(0.099478, 1.56233)
step: 915	0.446777	(0.0996959, 1.5631)
step: 916	0.447266	(0.0999141, 1.56386)
step: 917	0.447754	(0.100132, 1.56462)
step: 918	0.448242	(0.100351, 1.56539)
step: 919	0.44873	(0.10057, 1.56615)
step: 920	0.449219	(0.100789, 1.56692)
step: 921	0.449707	(0.101008, 1.56768)
step: 922	0.450195	(0.101228, 1.56845)
step: 923	0.450684	(0.101448, 1.56921)
step: 924	0.451172	(0.101668, 1.56998)
step: 925	0.45166	(0.101888, 1.57074)
step: 926	0.452148	(0.102109, 1.57151)
step: 927	0.452637	(0.102329, 1.57228)
step: 928	0.453125	(0.102551, 1.57305)
step: 929	0.453613	(0.102772, 1.57381)
step: 930	0.454102	(0.102993, 1.57458)
step: 931	0.45459	(0.103215, 1.57535)
step: 932	0.455078	(0.103437, 1.57612)
step: 933	0.455566	(0.103659, 1.57689)
step: 934	0.456055	(0.103882, 1.57766)
step: 935	0.456543	(0.104104, 1.57843)
step: 936	0.457031	(0.104327, 1.5792)
step: 937	0.45752	(0.10455, 1.57997)
step: 938	0.458008	(0.104774, 1.58074)
step: 939	0.458496	(0.104997, 1.58152)
step: 940	0.458984	(0.105221, 1.58229)
step: 941	0.459473	(0.105445, 1.58306)
step: 942	0.459961	(0.10567, 1.58383)
step: 943	0.460449	(0.105894, 1.58461)
step: 944	0.460938	(0.106119, 1.58538)
step: 945	0.461426	(0.106344, 1.58616)
step: 946	0.461914	(0.10657, 1.58693)
step: 947	0.462402	(0.106795, 1.5877)
step: 948	0.462891	(0.107021, 1.58848)
step: 949	0.463379	(0.107247, 1.58926)
step: 950	0.463867	(0.107473, 1.59003)
step: 951	0.464355	(0.1077, 1.59081)
step: 952	0.464844	(0.107926, 1.59158)
step: 953	0.465332	(0.108153, 1.59236)
step: 954	0.46582	(0.108381, 1.59314)
step: 955	0.466309	(0.108608, 1.59392)
step: 956	0.466797	(0.108836, 1.5947)
step: 957	0.467285	(0.109064, 1.59547)
step: 958	0.467773	(0.109292, 1.59625)
step: 959	0.468262	(0.10952, 1.59703)
step: 960	0.46875	(0.109749, 1.59781)
step: 961	0.469238	(0.109978, 1.59859)
step: 962	0.469727	(0.110207, 1.59937)
step: 963	0.470215	(0.110436, 1.60015)
step: 964	0.470703	(0.110666, 1.60094)
step: 965	0.471191	(0.110896, 1.60172)
step: 966	0.47168	(0.111126, 1.6025)
step: 967	0.472168	(0.111356, 1.60328)
step: 968	0.472656	(0.111587, 1.60406)
step: 969	0.473145	(0.111817, 1.60485)
step: 970	0.473633	(0.112048, 1.60563)
step: 971	0.474121	(0.11228, 1.60642)
step: 972	0.474609	(0.112511, 1.6072)
step: 973	0.475098	(0.112743, 1.60798)
step: 974	0.475586	(0.112975, 1.60877)
step: 975	0.476074	(0.113207, 1.60956)
step: 976	0.476563	(0.11344, 1.61034)
step: 977	0.477051	(0.113672, 1.61113)
step: 978	0.477539	(0.113905, 1.61191)
step: 979	0.478027	(0.114138, 1.6127)
step: 980	0.478516	(0.114372, 1.61349)
step: 981	0.479004	(0.114605, 1.61428)
step: 982	0.479492	(0.114839, 1.61506)
step: 983	0.47998	(0.115073, 1.61585)
step: 984	0.480469	(0.115308, 1.61664)
step: 985	0.480957	(0.115542, 1.61743)
step: 986	0.481445	(0.115777, 1.61822)
step: 987	0.481934	(0.116012, 1.61901)
step: 988	0.482422	(0.116248, 1.6198)
step: 989	0.48291	(0.116483, 1.62059)
step: 990	0.483398	(0.116719, 1.62138)
step: 991	0.483887	(0.116955, 1.62218)
step: 992	0.484375	(0.117191, 1.62297)
step: 993	0.484863	(0.117428, 1.62376)
step: 994	0.485352	(0.117665, 1.62455)
step: 995	0.48584	(0.117902, 1.62535)
step: 996	0.486328	(0.118139, 1.62614)
step: 997	0.486816	(0.118376, 1.62693)
step: 998	0.487305	(0.118614, 1.62773)
step: 999	0.487793	(0.118852, 1.62852)
step: 1000	0.488281	(0.11909, 1.62932)
step: 1001	0.48877	(0.119328, 1.63011)
step: 1002	0.489258	(0.119567, 1.63091)
step: 1003	0.489746	(0.119806, 1.63171)
step: 1004	0.490234	(0.120045, 1.6325)
step: 1005	0.490723	(0.120285, 1.6333)
step: 1006	0.491211	(0.120524, 1.6341)
step: 1007	0.491699	(0.120764, 1.6349)
step: 1008	0.492188	(0.121004, 1.63569)
step: 1009	0.492676	(0.121244, 1.63649)
step: 1010	0.493164	(0.121485, 1.63729)
step: 1011	0.493652	(0.121726, 1.63809)
step: 1012	0.494141	(0.121967, 1.63889)
step: 1013	0.494629	(0.122208, 1.63969)
step: 1014	0.495117	(0.12245, 1.64049)
step: 1015	0.495605	(0.122691, 1.64129)
step: 1016	0.496094	(0.122933, 1.64209)
step: 1017	0.496582	(0.123176, 1.6429)
step: 1018	0.49707	(0.123418, 1.6437)
step: 1019	0.497559	(0.123661, 1.6445)
step: 1020	0.498047	(0.123904, 1.6453)
step: 1021	0.498535	(0.124147, 1.64611)
step: 1022	0.499023	(0.12439, 1.64691)
step: 1023	0.499512	(0.124634, 1.64772)
step: 1024	0.5	(0.124878, 1.64852)
step: 1025	0.500488	(0.125122, 1.64933)
step: 1026	0.500977	(0.125366, 1.65013)
step: 1027	0.501465	(0.125611, 1.65094)
step: 1028	0.501953	(0.125856, 1.65174)
step: 1029	0.502441	(0.126101, 1.65255)
step: 1030	0.50293	(0.126346, 1.65336)
step: 1031	0.503418	(0.126592, 1.65416)
step: 1032	0.503906	(0.126838, 1.65497)
step: 1033	0.504395	(0.127084, 1.65578)
step: 1034	0.504883	(0.12733, 1.65659)
step: 1035	0.505371	(0.127577, 1.6574)
step: 1036	0.505859	(0.127823, 1.65821)
step: 1037	0.506348	(0.12807, 1.65902)
step: 1038	0.506836	(0.128318, 1.65983)
step: 1039	0.507324	(0.128565, 1.66064)
step: 1040	0.507813	(0.128813, 1.66145)
step: 1041	0.508301	(0.129061, 1.66226)
step: 1042	0.508789	(0.129309, 1.66307)
step: 1043	0.509277	(0.129557, 1.66388)
step: 1044	0.509766	(0.129806, 1.66469)
step: 1045	0.510254	(0.130055, 1.66551)
step: 1046	0.510742	(0.130304, 1.66632)
step: 1047	0.51123	(0.130553, 1.66713)
step: 1048	0.511719	(0.130803, 1.66795)
step: 1049	0.512207	(0.131053, 1.66876)
step: 1050	0.512695	(0.131303, 1.66958)
step: 1051	0.513184	(0.131553, 1.67039)
step: 1052	0.513672	(0.131804, 1.67121)
step: 1053	0.51416	(0.132055, 1.67202)
step: 1054	0.514648	(0.132306, 1.67284)
step: 1055	0.515137	(0.132557, 1.67366)
step: 1056	0.515625	(0.132809, 1.67447)
step: 1057	0.516113	(0.13306, 1.67529)
step: 1058	0.516602	(0.133312, 1.67611)
step: 1059	0.51709	(0.133565, 1.67693)
step: 1060	0.517578	(0.133817, 1.67775)
step: 1061	0.518066	(0.13407, 1.67857)
step: 1062	0.518555	(0.134323, 1.67939)
step: 1063	0.519043	(0.134576, 1.68021)
step: 1064	0.519531	(0.13483, 1.68103)
step: 1065	0.52002	(0.135083, 1.68185)
step: 1066	0.520508	(0.135337, 1.68267)
step: 1067	0.520996	(0.135591, 1.68349)
step: 1068	0.521484	(0.135846, 1.68431)
step: 1069	0.521973	(0.1361, 1.68513)
step: 1070	0.522461	(0.136355, 1.68596)
step: 1071	0.522949	(0.13661, 1.68678)
step: 1072	0.523438	(0.136866, 1.6876)
step: 1073	0.523926	(0.137121, 1.68843)
step: 1074	0.524414	(0.137377, 1.68925)
step: 1075	0.524902	(0.137633, 1.69008)
step: 1076	0.525391	(0.137889, 1.6909)
step: 1077	0.525879	(0.138146, 1.69173)
step: 1078	0.526367	(0.138403, 1.69255)
step: 1079	0.526855	(0.13866, 1.69338)
step: 1080	0.527344	(0.138917, 1.69421)
step: 1081	0.527832	(0.139174, 1.69503)
step: 1082	0.52832	(0.139432, 1.69586)
step: 1083	0.528809	(0.13969, 1.69669)
step: 1084	0.529297	(0.139948, 1.69752)
step: 1085	0.529785	(0.140207, 1.69835)
step: 1086	0.530273	(0.140465, 1.69918)
step: 1087	0.530762	(0.140724, 1.70001)
step: 1088	0.53125	(0.140984, 1.70084)
step: 1089	0.531738	(0.141243, 1.70167)
step: 1090	0.532227	(0.141503, 1.7025)
step: 1091	0.532715	(0.141762, 1.70333)
step: 1092	0.533203	(0.142023, 1.70416)
step: 1093	0.533691	(0.142283, 1.70499)
step: 1094	0.53418	(0.142544, 1.70583)
step: 1095	0.534668	(0.142804, 1.70666)
step: 1096	0.535156	(0.143065, 1.70749)
step: 1097	0.535645	(0.143327, 1.70833)
step: 1098	0.536133	(0.143588, 1.70916)
step: 1099	0.536621	(0.14385, 1.70999)
step: 1100	0.537109	(0.144112, 1.71083)
step: 1101	0.537598	(0.144374, 1.71166)
step: 1102	0.538086	(0.144637, 1.7125)
step: 1103	0.538574	(0.1449, 1.71334)
step: 1104	0.539063	(0.145163, 1.71417)
step: 1105	0.539551	(0.145426, 1.71501)
step: 1106	0.540039	(0.145689, 1.71585)
step: 1107	0.540527	(0.145953, 1.71669)
step: 1108	0.541016	(0.146217, 1.71752)
step: 1109	0.541504	(0.146481, 1.71836)
step: 1110	0.541992	(0.146745, 1.7192)
step: 1111	0.54248	(0.14701, 1.72004)
step: 1112	0.542969	(0.147275, 1.72088)
step: 1113	0.543457	(0.14754, 1.72172)
step: 1114	0.543945	(0.147805, 1.72256)
step: 1115	0.544434	(0.148071, 1.7234)
step: 1116	0.544922	(0.148337, 1.72424)
step: 1117	0.54541	(0.148603, 1.72509)
step: 1118	0.545898	(0.148869, 1.72593)
step: 1119	0.546387	(0.149136, 1.72677)
step: 1120	0.546875	(0.149403, 1.72761)
step: 1121	0.547363	(0.14967, 1.72846)
step: 1122	0.547852	(0.149937, 1.7293)
step: 1123	0.54834	(0.150204, 1.73015)
step: 1124	0.548828	(0.150472, 1.73099)
step: 1125	0.549316	(0.15074, 1.73184)
step: 1126	0.549805	(0.151008, 1.73268)
step: 1127	0.550293	(0.151277, 1.73353)
step: 1128	0.550781	(0.151546, 1.73437)
step: 1129	0.55127	(0.151814, 1.73522)
step: 1130	0.551758	(0.152084, 1.73607)
step: 1131	0.552246	(0.152353, 1.73692)
step: 1132	0.552734	(0.152623, 1.73776)
step: 1133	0.553223	(0.152893, 1.73861)
step: 1134	0.553711	(0.153163, 1.73946)
step: 1135	0.554199	(0.153433, 1.74031)
step: 1136	0.554688	(0.153704, 1.74116)
step: 1137	0.555176	(0.153975, 1.74201)
step: 1138	0.555664	(0.154246, 1.74286)
step: 1139	0.556152	(0.154517, 1.74371)
step: 1140	0.556641	(0.154788, 1.74456)
step: 1141	0.557129	(0.15506, 1.74542)
step: 1142	0.557617	(0.155332, 1.74627)
step: 1143	0.558105	(0.155605, 1.74712)
step: 1144	0.558594	(0.155877, 1.74797)
step: 1145	0.559082	(0.15615, 1.74883)
step: 1146	0.55957	(0.156423, 1.74968)
step: 1147	0.560059	(0.156696, 1.75054)
step: 1148	0.560547	(0.15697, 1.75139)
step: 1149	0.561035	(0.157243, 1.75225)
step: 1150	0.561523	(0.157517, 1.7531)
step: 1151	0.562012	(0.157791, 1.75396)
step: 1152	0.5625	(0.158066, 1.75481)
step: 1153	0.562988	(0.15834, 1.75567)
step: 1154	0.563477	(0.158615, 1.75653)
step: 1155	0.563965	(0.15889, 1.75739)
step: 1156	0.564453	(0.159166, 1.75824)
step: 1157	0.564941	(0.159441, 1.7591)
step: 1158	0.56543	(0.159717, 1.75996)
step: 1159	0.565918	(0.159993, 1.76082)
step: 1160	0.566406	(0.16027, 1.76168)
step: 1161	0.566895	(0.160546, 1.76254)
step: 1162	0.567383	(0.160823, 1.7634)
step: 1163	0.567871	(0.1611, 1.76426)
step: 1164	0.568359	(0.161377, 1.76512)
step: 1165	0.568848	(0.161655, 1.76599)
step: 1166	0.569336	(0.161933, 1.76685)
step: 1167	0.569824	(0.162211, 1.76771)
step: 1168	0.570313	(0.162489, 1.76857)
step: 1169	0.570801	(0.162767, 1.76944)
step: 1170	0.571289	(0.163046, 1.7703)
step: 1171	0.571777	(0.163325, 1.77117)
step: 1172	0.572266	(0.163604, 1.77203)
step: 1173	0.572754	(0.163884, 1.7729)
step: 1174	0.573242	(0.164163, 1.77376)
step: 1175	0.57373	(0.164443, 1.77463)
step: 1176	0.574219	(0.164723, 1.77549)
step: 1177	0.574707	(0.165004, 1.77636)
step: 1178	0.575195	(0.165284, 1.77723)
step: 1179	0.575684	(0.165565, 1.7781)
step: 1180	0.576172	(0.165846, 1.77896)
step: 1181	0.57666	(0.166128, 1.77983)
step: 1182	0.577148	(0.166409, 1.7807)
step: 1183	0.577637	(0.166691, 1.78157)
step: 1184	0.578125	(0.166973, 1.78244)
step: 1185	0.578613	(0.167255, 1.78331)
step: 1186	0.579102	(0.167538, 1.78418)
step: 1187	0.57959	(0.167821, 1.78505)
step: 1188	0.580078	(0.168104, 1.78593)
step: 1189	0.580566	(0.168387, 1.7868)
step: 1190	0.581055	(0.16867, 1.78767)
step: 1191	0.581543	(0.168954, 1.78854)
step: 1192	0.582031	(0.169238, 1.78942)
step: 1193	0.58252	(0.169522, 1.79029)
step: 1194	0.583008	(0.169807, 1.79116)
step: 1195	0.583496	(0.170091, 1.79204)
step: 1196	0.583984	(0.170376, 1.79291)
step: 1197	0.584473	(0.170661, 1.79379)
step: 1198	0.584961	(0.170947, 1.79466)
step: 1199	0.585449	(0.171232, 1.79554)
step: 1200	0.585938	(0.171518, 1.79642)
step: 1201	0.586426	(0.171804, 1.79729)
step: 1202	0.586914	(0.172091, 1.79817)
step: 1203	0.587402	(0.172377, 1.79905)
step: 1204	0.587891	(0.172664, 1.79993)
step: 1205	0.588379	(0.172951, 1.80081)
step: 1206	0.588867	(0.173239, 1.80169)
step: 1207	0.589355	(0.173526, 1.80257)
step: 1208	0.589844	(0.173814, 1.80345)
step: 1209	0.590332	(0.174102, 1.80433)
step: 1210	0.59082	(0.17439, 1.80521)
step: 1211	0.591309	(0.174679, 1.80609)
step: 1212	0.591797	(0.174967, 1.80697)
step: 1213	0.592285	(0.175256, 1.80785)
step: 1214	0.592773	(0.175545, 1.80874)
step: 1215	0.593262	(0.175835, 1.80962)
step: 1216	0.59375	(0.176125, 1.8105)
step: 1217	0.594238	(0.176414, 1.81139)
step: 1218	0.594727	(0.176705, 1.81227)
step: 1219	0.595215	(0.176995, 1.81316)
step: 1220	0.595703	(0.177286, 1.81404)
step: 1221	0.596191	(0.177577, 1.81493)
step: 1222	0.59668	(0.177868, 1.81581)
step: 1223	0.597168	(0.178159, 1.8167)
step: 1224	0.597656	(0.178451, 1.81759)
step: 1225	0.598145	(0.178742, 1.81848)
step: 1226	0.598633	(0.179034, 1.81936)
step: 1227	0.599121	(0.179327, 1.82025)
step: 1228	0.599609	(0.179619, 1.82114)
step: 1229	0.600098	(0.179912, 1.82203)
step: 1230	0.600586	(0.180205, 1.82292)
step: 1231	0.601074	(0.180498, 1.82381)
step: 1232	0.601563	(0.180792, 1.8247)
step: 1233	0.602051	(0.181086, 1.82559)
step: 1234	0.602539	(0.18138, 1.82648)
step: 1235	0.603027	(0.181674, 1.82737)
step: 1236	0.603516	(0.181968, 1.82827)
step: 1237	0.604004	(0.182263, 1.82916)
step: 1238	0.604492	(0.182558, 1.83005)
step: 1239	0.60498	(0.182853, 1.83095)
step: 1240	0.605469	(0.183148, 1.83184)
step: 1241	0.605957	(0.183444, 1.83273)
step: 1242	0.606445	(0.18374, 1.83363)
step: 1243	0.606934	(0.184036, 1.83452)
step: 1244	0.607422	(0.184332, 1.83542)
step: 1245	0.60791	(0.184629, 1.83632)
step: 1246	0.608398	(0.184926, 1.83721)
step: 1247	0.608887	(0.185223, 1.83811)
step: 1248	0.609375	(0.18552, 1.83901)
step: 1249	0.609863	(0.185818, 1.83991)
step: 1250	0.610352	(0.186116, 1.8408)
step: 1251	0.61084	(0.186414, 1.8417)
step: 1252	0.611328	(0.186712, 1.8426)
step: 1253	0.611816	(0.18701, 1.8435)
step: 1254	0.612305	(0.187309, 1.8444)
step: 1255	0.612793	(0.187608, 1.8453)
step: 1256	0.613281	(0.187907, 1.8462)
step: 1257	0.61377	(0.188207, 1.84711)
step: 1258	0.614258	(0.188506, 1.84801)
step: 1259	0.614746	(0.188806, 1.84891)
step: 1260	0.615234	(0.189106, 1.84981)
step: 1261	0.615723	(0.189407, 1.85072)
step: 1262	0.616211	(0.189708, 1.85162)
step: 1263	0.616699	(0.190008, 1.85252)
step: 1264	0.617188	(0.19031, 1.85343)
step: 1265	0.617676	(0.190611, 1.85433)
step: 1266	0.618164	(0.190912, 1.85524)
step: 1267	0.618652	(0.191214, 1.85614)
step: 1268	0.619141	(0.191516, 1.85705)
step: 1269	0.619629	(0.191819, 1.85796)
step: 1270	0.620117	(0.192121, 1.85886)
step: 1271	0.620605	(0.192424, 1.85977)
step: 1272	0.621094	(0.192727, 1.86068)
step: 1273	0.621582	(0.19303, 1.86159)
step: 1274	0.62207	(0.193334, 1.8625)
step: 1275	0.622559	(0.193638, 1.86341)
step: 1276	0.623047	(0.193942, 1.86432)
step: 1277	0.623535	(0.194246, 1.86523)
step: 1278	0.624023	(0.19455, 1.86614)
step: 1279	0.624512	(0.194855, 1.86705)
step: 1280	0.625	(0.19516, 1.86796)
step: 1281	0.625488	(0.195465, 1.86887)
step: 1282	0.625977	(0.195771, 1.86979)
step: 1283	0.626465	(0.196076, 1.8707)
step: 1284	0.626953	(0.196382, 1.87161)
step: 1285	0.627441	(0.196688, 1.87253)
step: 1286	0.62793	(0.196995, 1.87344)
step: 1287	0.628418	(0.197301, 1.87435)
step: 1288	0.628906	(0.197608, 1.87527)
step: 1289	0.629395	(0.197915, 1.87619)
step: 1290	0.629883	(0.198222, 1.8771)
step: 1291	0.630371	(0.19853, 1.87802)
step: 1292	0.630859	(0.198838, 1.87894)
step: 1293	0.631348	(0.199146, 1.87985)
step: 1294	0.631836	(0.199454, 1.88077)
step: 1295	0.632324	(0.199763, 1.88169)
step: 1296	0.632813	(0.200071, 1.88261)
step: 1297	0.633301	(0.20038, 1.88353)
step: 1298	0.633789	(0.20069, 1.88445)
step: 1299	0.634277	(0.200999, 1.88537)
step: 1300	0.634766	(0.201309, 1.88629)
step: 1301	0.635254	(0.201619, 1.88721)
step: 1302	0.635742	(0.201929, 1.88813)
step: 1303	0.63623	(0.202239, 1.88905)
step: 1304	0.636719	(0.20255, 1.88997)
step: 1305	0.637207	(0.202861, 1.8909)
step: 1306	0.637695	(0.203172, 1.89182)
step: 1307	0.638184	(0.203483, 1.89274)
step: 1308	0.638672	(0.203795, 1.89367)
step: 1309	0.63916	(0.204107, 1.89459)
step: 1310	0.639648	(0.204419, 1.89552)
step: 1311	0.640137	(0.204731, 1.89644)
step: 1312	0.640625	(0.205044, 1.89737)
step: 1313	0.641113	(0.205357, 1.8983)
step: 1314	0.641602	(0.20567, 1.89922)
step: 1315	0.64209	(0.205983, 1.90015)
step: 1316	0.642578	(0.206296, 1.90108)
step: 1317	0.643066	(0.20661, 1.90201)
step: 1318	0.643555	(0.206924, 1.90294)
step: 1319	0.644043	(0.207238, 1.90386)
step: 1320	0.644531	(0.207553, 1.90479)
step: 1321	0.64502	(0.207868, 1.90572)
step: 1322	0.645508	(0.208183, 1.90665)
step: 1323	0.645996	(0.208498, 1.90759)
step: 1324	0.646484	(0.208813, 1.90852)
step: 1325	0.646973	(0.209129, 1.90945)
step: 1326	0.647461	(0.209445, 1.91038)
step: 1327	0.647949	(0.209761, 1.91131)
step: 1328	0.648438	(0.210077, 1.91225)
step: 1329	0.648926	(0.210394, 1.91318)
step: 1330	0.649414	(0.210711, 1.91412)
step: 1331	0.649902	(0.211028, 1.91505)
step: 1332	0.650391	(0.211345, 1.91599)
step: 1333	0.650879	(0.211663, 1.91692)
step: 1334	0.651367	(0.211981, 1.91786)
step: 1335	0.651855	(0.212299, 1.91879)
step: 1336	0.652344	(0.212617, 1.91973)
step: 1337	0.652832	(0.212935, 1.92067)
step: 1338	0.65332	(0.213254, 1.92161)
step: 1339	0.653809	(0.213573, 1.92254)
step: 1340	0.654297	(0.213892, 1.92348)
step: 1341	0.654785	(0.214212, 1.92442)
step: 1342	0.655273	(0.214532, 1.92536)
step: 1343	0.655762	(0.214852, 1.9263)
step: 1344	0.65625	(0.215172, 1.92724)
step: 1345	0.656738	(0.215492, 1.92818)
step: 1346	0.657227	(0.215813, 1.92912)
step: 1347	0.657715	(0.216134, 1.93007)
step: 1348	0.658203	(0.216455, 1.93101)
step: 1349	0.658691	(0.216776, 1.93195)
step: 1350	0.65918	(0.217098, 1.93289)
step: 1351	0.659668	(0.21742, 1.93384)
step: 1352	0.660156	(0.217742, 1.93478)
step: 1353	0.660645	(0.218064, 1.93573)
step: 1354	0.661133	(0.218387, 1.93667)
step: 1355	0.661621	(0.21871, 1.93762)
step: 1356	0.662109	(0.219033, 1.93856)
step: 1357	0.662598	(0.219356, 1.93951)
step: 1358	0.663086	(0.21968, 1.94046)
step: 1359	0.663574	(0.220003, 1.94141)
step: 1360	0.664063	(0.220327, 1.94235)
step: 1361	0.664551	(0.220652, 1.9433)
step: 1362	0.665039	(0.220976, 1.94425)
step: 1363	0.665527	(0.221301, 1.9452)
step: 1364	0.666016	(0.221626, 1.94615)
step: 1365	0.666504	(0.221951, 1.9471)
step: 1366	0.666992	(0.222276, 1.94805)
step: 1367	0.66748	(0.222602, 1.949)
step: 1368	0.667969	(0.222928, 1.94995)
step: 1369	0.668457	(0.223254, 1.95091)
step: 1370	0.668945	(0.223581, 1.95186)
step: 1371	0.669434	(0.223907, 1.95281)
step: 1372	0.669922	(0.224234, 1.95377)
step: 1373	0.67041	(0.224561, 1.95472)
step: 1374	0.670898	(0.224889, 1.95567)
step: 1375	0.671387	(0.225216, 1.95663)
step: 1376	0.671875	(0.225544, 1.95758)
step: 1377	0.672363	(0.225872, 1.95854)
step: 1378	0.672852	(0.2262, 1.9595)
step: 1379	0.67334	(0.226529, 1.96045)
step: 1380	0.673828	(0.226858, 1.96141)
step: 1381	0.674316	(0.227187, 1.96237)
step: 1382	0.674805	(0.227516, 1.96333)
step: 1383	0.675293	(0.227845, 1.96428)
step: 1384	0.675781	(0.228175, 1.96524)
step: 1385	0.67627	(0.228505, 1.9662)
step: 1386	0.676758	(0.228835, 1.96716)
step: 1387	0.677246	(0.229166, 1.96812)
step: 1388	0.677734	(0.229496, 1.96908)
step: 1389	0.678223	(0.229827, 1.97005)
step: 1390	0.678711	(0.230159, 1.97101)
step: 1391	0.679199	(0.23049, 1.97197)
step: 1392	0.679688	(0.230822, 1.97293)
step: 1393	0.680176	(0.231153, 1.9739)
step: 1394	0.680664	(0.231486, 1.97486)
step: 1395	0.681152	(0.231818, 1.97583)
step: 1396	0.681641	(0.232151, 1.97679)
step: 1397	0.682129	(0.232483, 1.97776)
step: 1398	0.682617	(0.232816, 1.97872)
step: 1399	0.683105	(0.23315, 1.97969)
step: 1400	0.683594	(0.233483, 1.98065)
step: 1401	0.684082	(0.233817, 1.98162)
step: 1402	0.68457	(0.234151, 1.98259)
step: 1403	0.685059	(0.234485, 1.98356)
step: 1404	0.685547	(0.23482, 1.98452)
step: 1405	0.686035	(0.235155, 1.98549)
step: 1406	0.686523	(0.23549, 1.98646)
step: 1407	0.687012	(0.235825, 1.98743)
step: 1408	0.6875	(0.23616, 1.9884)
step: 1409	0.687988	(0.236496, 1.98937)
step: 1410	0.688477	(0.236832, 1.99035)
step: 1411	0.688965	(0.237168, 1.99132)
step: 1412	0.689453	(0.237504, 1.99229)
step: 1413	0.689941	(0.237841, 1.99326)
step: 1414	0.69043	(0.238178, 1.99424)
step: 1415	0.690918	(0.238515, 1.99521)
step: 1416	0.691406	(0.238853, 1.99618)
step: 1417	0.691895	(0.23919, 1.99716)
step: 1418	0.692383	(0.239528, 1.99813)
step: 1419	0.692871	(0.239866, 1.99911)
step: 1420	0.693359	(0.240204, 2.00009)
step: 1421	0.693848	(0.240543, 2.00106)
step: 1422	0.694336	(0.240882, 2.00204)
step: 1423	0.694824	(0.241221, 2.00302)
step: 1424	0.695313	(0.24156, 2.004)
step: 1425	0.695801	(0.241899, 2.00497)
step: 1426	0.696289	(0.242239, 2.00595)
step: 1427	0.696777	(0.242579, 2.00693)
step: 1428	0.697266	(0.242919, 2.00791)
step: 1429	0.697754	(0.24326, 2.00889)
step: 1430	0.698242	(0.243601, 2.00987)
step: 1431	0.69873	(0.243942, 2.01085)
step: 1432	0.699219	(0.244283, 2.01184)
step: 1433	0.699707	(0.244624, 2.01282)
step: 1434	0.700195	(0.244966, 2.0138)
step: 1435	0.700684	(0.245308, 2.01479)
step: 1436	0.701172	(0.24565, 2.01577)
step: 1437	0.70166	(0.245992, 2.01675)
step: 1438	0.702148	(0.246335, 2.01774)
step: 1439	0.702637	(0.246678, 2.01872)
step: 1440	0.703125	(0.247021, 2.01971)
step: 1441	0.703613	(0.247364, 2.0207)
step: 1442	0.704102	(0.247708, 2.02168)
step: 1443	0.70459	(0.248051, 2.02267)
step: 1444	0.705078	(0.248395, 2.02366)
step: 1445	0.705566	(0.24874, 2.02464)
step: 1446	0.706055	(0.249084, 2.02563)
step: 1447	0.706543	(0.249429, 2.02662)
step: 1448	0.707031	(0.249774, 2.02761)
step: 1449	0.70752	(0.250119, 2.0286)
step: 1450	0.708008	(0.250465, 2.02959)
step: 1451	0.708496	(0.25081, 2.03058)
step: 1452	0.708984	(0.251156, 2.03157)
step: 1453	0.709473	(0.251503, 2.03257)
step: 1454	0.709961	(0.251849, 2.03356)
step: 1455	0.710449	(0.252196, 2.03455)
step: 1456	0.710938	(0.252542, 2.03555)
step: 1457	0.711426	(0.25289, 2.03654)
step: 1458	0.711914	(0.253237, 2.03753)
step: 1459	0.712402	(0.253585, 2.03853)
step: 1460	0.712891	(0.253932, 2.03952)
step: 1461	0.713379	(0.254281, 2.04052)
step: 1462	0.713867	(0.254629, 2.04152)
step: 1463	0.714355	(0.254977, 2.04251)
step: 1464	0.714844	(0.255326, 2.04351)
step: 1465	0.715332	(0.255675, 2.04451)
step: 1466	0.71582	(0.256025, 2.04551)
step: 1467	0.716309	(0.256374, 2.04651)
step: 1468	0.716797	(0.256724, 2.0475)
step: 1469	0.717285	(0.257074, 2.0485)
step: 1470	0.717773	(0.257424, 2.0495)
step: 1471	0.718262	(0.257775, 2.05051)
step: 1472	0.71875	(0.258125, 2.05151)
step: 1473	0.719238	(0.258476, 2.05251)
step: 1474	0.719727	(0.258827, 2.05351)
step: 1475	0.720215	(0.259179, 2.05451)
step: 1476	0.720703	(0.259531, 2.05552)
step: 1477	0.721191	(0.259882, 2.05652)
step: 1478	0.72168	(0.260235, 2.05752)
step: 1479	0.722168	(0.260587, 2.05853)
step: 1480	0.722656	(0.26094, 2.05953)
step: 1481	0.723145	(0.261292, 2.06054)
step: 1482	0.723633	(0.261646, 2.06155)
step: 1483	0.724121	(0.261999, 2.06255)
step: 1484	0.724609	(0.262352, 2.06356)
step: 1485	0.725098	(0.262706, 2.06457)
step: 1486	0.725586	(0.26306, 2.06558)
step: 1487	0.726074	(0.263415, 2.06658)
step: 1488	0.726563	(0.263769, 2.06759)
step: 1489	0.727051	(0.264124, 2.0686)
step: 1490	0.727539	(0.264479, 2.06961)
step: 1491	0.728027	(0.264834, 2.07062)
step: 1492	0.728516	(0.26519, 2.07163)
step: 1493	0.729004	(0.265545, 2.07265)
step: 1494	0.729492	(0.265901, 2.07366)
step: 1495	0.72998	(0.266258, 2.07467)
step: 1496	0.730469	(0.266614, 2.07568)
step: 1497	0.730957	(0.266971, 2.0767)
step: 1498	0.731445	(0.267328, 2.07771)
step: 1499	0.731934	(0.267685, 2.07873)
step: 1500	0.732422	(0.268042, 2.07974)
step: 1501	0.73291	(0.2684, 2.08076)
step: 1502	0.733398	(0.268758, 2.08177)
step: 1503	0.733887	(0.269116, 2.08279)
step: 1504	0.734375	(0.269474, 2.08381)
step: 1505	0.734863	(0.269833, 2.08482)
step: 1506	0.735352	(0.270191, 2.08584)
step: 1507	0.73584	(0.27055, 2.08686)
step: 1508	0.736328	(0.27091, 2.08788)
step: 1509	0.736816	(0.271269, 2.0889)
step: 1510	0.737305	(0.271629, 2.08992)
step: 1511	0.737793	(0.271989, 2.09094)
step: 1512	0.738281	(0.272349, 2.09196)
step: 1513	0.73877	(0.27271, 2.09298)
step: 1514	0.739258	(0.273071, 2.094)
step: 1515	0.739746	(0.273432, 2.09503)
step: 1516	0.740234	(0.273793, 2.09605)
step: 1517	0.740723	(0.274154, 2.09707)
step: 1518	0.741211	(0.274516, 2.0981)
step: 1519	0.741699	(0.274878, 2.09912)
step: 1520	0.742188	(0.27524, 2.10014)
step: 1521	0.742676	(0.275602, 2.10117)
step: 1522	0.743164	(0.275965, 2.1022)
step: 1523	0.743652	(0.276328, 2.10322)
step: 1524	0.744141	(0.276691, 2.10425)
step: 1525	0.744629	(0.277054, 2.10528)
step: 1526	0.745117	(0.277418, 2.10631)
step: 1527	0.745605	(0.277782, 2.10733)
step: 1528	0.746094	(0.278146, 2.10836)
step: 1529	0.746582	(0.27851, 2.10939)
step: 1530	0.74707	(0.278875, 2.11042)
step: 1531	0.747559	(0.279239, 2.11145)
step: 1532	0.748047	(0.279604, 2.11248)
step: 1533	0.748535	(0.27997, 2.11352)
step: 1534	0.749023	(0.280335, 2.11455)
step: 1535	0.749512	(0.280701, 2.11558)
step: 1536	0.75	(0.281067, 2.11661)
step: 1537	0.750488	(0.281433, 2.11765)
step: 1538	0.750977	(0.2818, 2.11868)
step: 1539	0.751465	(0.282166, 2.11971)
step: 1540	0.751953	(0.282533, 2.12075)
step: 1541	0.752441	(0.2829, 2.12179)
step: 1542	0.75293	(0.283268, 2.12282)
step: 1543	0.753418	(0.283635, 2.12386)
step: 1544	0.753906	(0.284003, 2.12489)
step: 1545	0.754395	(0.284371, 2.12593)
step: 1546	0.754883	(0.28474, 2.12697)
step: 1547	0.755371	(0.285108, 2.12801)
step: 1548	0.755859	(0.285477, 2.12905)
step: 1549	0.756348	(0.285846, 2.13009)
step: 1550	0.756836	(0.286216, 2.13113)
step: 1551	0.757324	(0.286585, 2.13217)
step: 1552	0.757813	(0.286955, 2.13321)
step: 1553	0.758301	(0.287325, 2.13425)
step: 1554	0.758789	(0.287695, 2.13529)
step: 1555	0.759277	(0.288066, 2.13634)
step: 1556	0.759766	(0.288436, 2.13738)
step: 1557	0.760254	(0.288807, 2.13842)
step: 1558	0.760742	(0.289179, 2.13947)
step: 1559	0.76123	(0.28955, 2.14051)
step: 1560	0.761719	(0.289922, 2.14156)
step: 1561	0.762207	(0.290294, 2.1426)
step: 1562	0.762695	(0.290666, 2.14365)
step: 1563	0.763184	(0.291038, 2.14469)
step: 1564	0.763672	(0.291411, 2.14574)
step: 1565	0.76416	(0.291784, 2.14679)
step: 1566	0.764648	(0.292157, 2.14784)
step: 1567	0.765137	(0.29253, 2.14889)
step: 1568	0.765625	(0.292904, 2.14994)
step: 1569	0.766113	(0.293278, 2.15099)
step: 1570	0.766602	(0.293652, 2.15204)
step: 1571	0.76709	(0.294026, 2.15309)
step: 1572	0.767578	(0.294401, 2.15414)
step: 1573	0.768066	(0.294775, 2.15519)
step: 1574	0.768555	(0.295151, 2.15624)
step: 1575	0.769043	(0.295526, 2.1573)
step: 1576	0.769531	(0.295901, 2.15835)
step: 1577	0.77002	(0.296277, 2.1594)
step: 1578	0.770508	(0.296653, 2.16046)
step: 1579	0.770996	(0.297029, 2.16151)
step: 1580	0.771484	(0.297406, 2.16257)
step: 1581	0.771973	(0.297782, 2.16362)
step: 1582	0.772461	(0.298159, 2.16468)
step: 1583	0.772949	(0.298537, 2.16574)
step: 1584	0.773438	(0.298914, 2.16679)
step: 1585	0.773926	(0.299292, 2.16785)
step: 1586	0.774414	(0.29967, 2.16891)
step: 1587	0.774902	(0.300048, 2.16997)
step: 1588	0.775391	(0.300426, 2.17103)
step: 1589	0.775879	(0.300805, 2.17209)
step: 1590	0.776367	(0.301183, 2.17315)
step: 1591	0.776855	(0.301563, 2.17421)
step: 1592	0.777344	(0.301942, 2.17527)
step: 1593	0.777832	(0.302321, 2.17633)
step: 1594	0.77832	(0.302701, 2.1774)
step: 1595	0.778809	(0.303081, 2.17846)
step: 1596	0.779297	(0.303462, 2.17952)
step: 1597	0.779785	(0.303842, 2.18059)
step: 1598	0.780273	(0.304223, 2.18165)
step: 1599	0.780762	(0.304604, 2.18272)
step: 1600	0.78125	(0.304985, 2.18378)
step: 1601	0.781738	(0.305367, 2.18485)
step: 1602	0.782227	(0.305748, 2.18592)
step: 1603	0.782715	(0.30613, 2.18698)
step: 1604	0.783203	(0.306512, 2.18805)
step: 1605	0.783691	(0.306895, 2.18912)
step: 1606	0.78418	(0.307277, 2.19019)
step: 1607	0.784668	(0.30766, 2.19126)
step: 1608	0.785156	(0.308043, 2.19233)
step: 1609	0.785645	(0.308427, 2.1934)
step: 1610	0.786133	(0.30881, 2.19447)
step: 1611	0.786621	(0.309194, 2.19554)
step: 1612	0.787109	(0.309578, 2.19661)
step: 1613	0.787598	(0.309963, 2.19769)
step: 1614	0.788086	(0.310347, 2.19876)
step: 1615	0.788574	(0.310732, 2.19983)
step: 1616	0.789063	(0.311117, 2.20091)
step: 1617	0.789551	(0.311502, 2.20198)
step: 1618	0.790039	(0.311888, 2.20306)
step: 1619	0.790527	(0.312274, 2.20413)
step: 1620	0.791016	(0.31266, 2.20521)
step: 1621	0.791504	(0.313046, 2.20629)
step: 1622	0.791992	(0.313432, 2.20736)
step: 1623	0.79248	(0.313819, 2.20844)
step: 1624	0.792969	(0.314206, 2.20952)
step: 1625	0.793457	(0.314593, 2.2106)
step: 1626	0.793945	(0.314981, 2.21168)
step: 1627	0.794434	(0.315368, 2.21276)
step: 1628	0.794922	(0.315756, 2.21384)
step: 1629	0.79541	(0.316144, 2.21492)
step: 1630	0.795898	(0.316533, 2.216)
step: 1631	0.796387	(0.316921, 2.21708)
step: 1632	0.796875	(0.31731, 2.21817)
step: 1633	0.797363	(0.317699, 2.21925)
step: 1634	0.797852	(0.318089, 2.22033)
step: 1635	0.79834	(0.318478, 2.22142)
step: 1636	0.798828	(0.318868, 2.2225)
step: 1637	0.799316	(0.319258, 2.22359)
step: 1638	0.799805	(0.319649, 2.22467)
step: 1639	0.800293	(0.320039, 2.22576)
step: 1640	0.800781	(0.32043, 2.22685)
step: 1641	0.80127	(0.320821, 2.22793)
step: 1642	0.801758	(0.321212, 2.22902)
step: 1643	0.802246	(0.321604, 2.23011)
step: 1644	0.802734	(0.321995, 2.2312)
step: 1645	0.803223	(0.322387, 2.23229)
step: 1646	0.803711	(0.322779, 2.23338)
step: 1647	0.804199	(0.323172, 2.23447)
step: 1648	0.804688	(0.323565, 2.23556)
step: 1649	0.805176	(0.323957, 2.23665)
step: 1650	0.805664	(0.324351, 2.23774)
step: 1651	0.806152	(0.324744, 2.23883)
step: 1652	0.806641	(0.325138, 2.23993)
step: 1653	0.807129	(0.325531, 2.24102)
step: 1654	0.807617	(0.325926, 2.24212)
step: 1655	0.808105	(0.32632, 2.24321)
step: 1656	0.808594	(0.326715, 2.24431)
step: 1657	0.809082	(0.327109, 2.2454)
step: 1658	0.80957	(0.327504, 2.2465)
step: 1659	0.810059	(0.3279, 2.2476)
step: 1660	0.810547	(0.328295, 2.24869)
step: 1661	0.811035	(0.328691, 2.24979)
step: 1662	0.811523	(0.329087, 2.25089)
step: 1663	0.812012	(0.329483, 2.25199)
step: 1664	0.8125	(0.32988, 2.25309)
step: 1665	0.812988	(0.330276, 2.25419)
step: 1666	0.813477	(0.330673, 2.25529)
step: 1667	0.813965	(0.331071, 2.25639)
step: 1668	0.814453	(0.331468, 2.25749)
step: 1669	0.814941	(0.331866, 2.25859)
step: 1670	0.81543	(0.332264, 2.2597)
step: 1671	0.815918	(0.332662, 2.2608)
step: 1672	0.816406	(0.33306, 2.2619)
step: 1673	0.816895	(0.333459, 2.26301)
step: 1674	0.817383	(0.333858, 2.26411)
step: 1675	0.817871	(0.334257, 2.26522)
step: 1676	0.818359	(0.334656, 2.26633)
step: 1677	0.818848	(0.335056, 2.26743)
step: 1678	0.819336	(0.335456, 2.26854)
step: 1679	0.819824	(0.335856, 2.26965)
step: 1680	0.820313	(0.336256, 2.27075)
step: 1681	0.820801	(0.336657, 2.27186)
step: 1682	0.821289	(0.337057, 2.27297)
step: 1683	0.821777	(0.337458, 2.27408)
step: 1684	0.822266	(0.33786, 2.27519)
step: 1685	0.822754	(0.338261, 2.2763)
step: 1686	0.823242	(0.338663, 2.27742)
step: 1687	0.82373	(0.339065, 2.27853)
step: 1688	0.824219	(0.339467, 2.27964)
step: 1689	0.824707	(0.339869, 2.28075)
step: 1690	0.825195	(0.340272, 2.28187)
step: 1691	0.825684	(0.340675, 2.28298)
step: 1692	0.826172	(0.341078, 2.2841)
step: 1693	0.82666	(0.341482, 2.28521)
step: 1694	0.827148	(0.341885, 2.28633)
step: 1695	0.827637	(0.342289, 2.28744)
step: 1696	0.828125	(0.342693, 2.28856)
step: 1697	0.828613	(0.343098, 2.28968)
step: 1698	0.829102	(0.343502, 2.2908)
step: 1699	0.82959	(0.343907, 2.29191)
step: 1700	0.830078	(0.344312, 2.29303)
step: 1701	0.830566	(0.344718, 2.29415)
step: 1702	0.831055	(0.345123, 2.29527)
step: 1703	0.831543	(0.345529, 2.29639)
step: 1704	0.832031	(0.345935, 2.29752)
step: 1705	0.83252	(0.346341, 2.29864)
step: 1706	0.833008	(0.346748, 2.29976)
step: 1707	0.833496	(0.347154, 2.30088)
step: 1708	0.833984	(0.347561, 2.30201)
step: 1709	0.834473	(0.347969, 2.30313)
step: 1710	0.834961	(0.348376, 2.30425)
step: 1711	0.835449	(0.348784, 2.30538)
step: 1712	0.835938	(0.349192, 2.30651)
step: 1713	0.836426	(0.3496, 2.30763)
step: 1714	0.836914	(0.350008, 2.30876)
step: 1715	0.837402	(0.350417, 2.30989)
step: 1716	0.837891	(0.350826, 2.31101)
step: 1717	0.838379	(0.351235, 2.31214)
step: 1718	0.838867	(0.351644, 2.31327)
step: 1719	0.839355	(0.352054, 2.3144)
step: 1720	0.839844	(0.352464, 2.31553)
step: 1721	0.840332	(0.352874, 2.31666)
step: 1722	0.84082	(0.353284, 2.31779)
step: 1723	0.841309	(0.353695, 2.31892)
step: 1724	0.841797	(0.354105, 2.32006)
step: 1725	0.842285	(0.354517, 2.32119)
step: 1726	0.842773	(0.354928, 2.32232)
step: 1727	0.843262	(0.355339, 2.32346)
step: 1728	0.84375	(0.355751, 2.32459)
step: 1729	0.844238	(0.356163, 2.32573)
step: 1730	0.844727	(0.356575, 2.32686)
step: 1731	0.845215	(0.356988, 2.328)
step: 1732	0.845703	(0.3574, 2.32913)
step: 1733	0.846191	(0.357813, 2.33027)
step: 1734	0.84668	(0.358227, 2.33141)
step: 1735	0.847168	(0.35864, 2.33255)
step: 1736	0.847656	(0.359054, 2.33369)
step: 1737	0.848145	(0.359468, 2.33483)
step: 1738	0.848633	(0.359882, 2.33597)
step: 1739	0.849121	(0.360296, 2.33711)
step: 1740	0.849609	(0.360711, 2.33825)
step: 1741	0.850098	(0.361125, 2.33939)
step: 1742	0.850586	(0.361541, 2.34053)
step: 1743	0.851074	(0.361956, 2.34168)
step: 1744	0.851563	(0.362371, 2.34282)
step: 1745	0.852051	(0.362787, 2.34396)
step: 1746	0.852539	(0.363203, 2.34511)
step: 1747	0.853027	(0.36362, 2.34625)
step: 1748	0.853516	(0.364036, 2.3474)
step: 1749	0.854004	(0.364453, 2.34854)
step: 1750	0.854492	(0.36487, 2.34969)
step: 1751	0.85498	(0.365287, 2.35084)
step: 1752	0.855469	(0.365705, 2.35199)
step: 1753	0.855957	(0.366122, 2.35313)
step: 1754	0.856445	(0.36654, 2.35428)
step: 1755	0.856934	(0.366958, 2.35543)
step: 1756	0.857422	(0.367377, 2.35658)
step: 1757	0.85791	(0.367795, 2.35773)
step: 1758	0.858398	(0.368214, 2.35888)
step: 1759	0.858887	(0.368634, 2.36004)
step: 1760	0.859375	(0.369053, 2.36119)
step: 1761	0.859863	(0.369473, 2.36234)
step: 1762	0.860352	(0.369892, 2.3635)
step: 1763	0.86084	(0.370312, 2.36465)
step: 1764	0.861328	(0.370733, 2.3658)
step: 1765	0.861816	(0.371153, 2.36696)
step: 1766	0.862305	(0.371574, 2.36811)
step: 1767	0.862793	(0.371995, 2.36927)
step: 1768	0.863281	(0.372416, 2.37043)
step: 1769	0.86377	(0.372838, 2.37159)
step: 1770	0.864258	(0.37326, 2.37274)
step: 1771	0.864746	(0.373682, 2.3739)
step: 1772	0.865234	(0.374104, 2.37506)
step: 1773	0.865723	(0.374527, 2.37622)
step: 1774	0.866211	(0.374949, 2.37738)
step: 1775	0.866699	(0.375372, 2.37854)
step: 1776	0.867188	(0.375795, 2.3797)
step: 1777	0.867676	(0.376219, 2.38087)
step: 1778	0.868164	(0.376642, 2.38203)
step: 1779	0.868652	(0.377066, 2.38319)
step: 1780	0.869141	(0.377491, 2.38435)
step: 1781	0.869629	(0.377915, 2.38552)
step: 1782	0.870117	(0.37834, 2.38668)
step: 1783	0.870605	(0.378764, 2.38785)
step: 1784	0.871094	(0.379189, 2.38902)
step: 1785	0.871582	(0.379615, 2.39018)
step: 1786	0.87207	(0.38004, 2.39135)
step: 1787	0.872559	(0.380466, 2.39252)
step: 1788	0.873047	(0.380892, 2.39368)
step: 1789	0.873535	(0.381319, 2.39485)
step: 1790	0.874023	(0.381745, 2.39602)
step: 1791	0.874512	(0.382172, 2.39719)
step: 1792	0.875	(0.382599, 2.39836)
step: 1793	0.875488	(0.383026, 2.39953)
step: 1794	0.875977	(0.383454, 2.40071)
step: 1795	0.876465	(0.383881, 2.40188)
step: 1796	0.876953	(0.384309, 2.40305)
step: 1797	0.877441	(0.384737, 2.40422)
step: 1798	0.87793	(0.385166, 2.4054)
step: 1799	0.878418	(0.385595, 2.40657)
step: 1800	0.878906	(0.386024, 2.40775)
step: 1801	0.879395	(0.386453, 2.40892)
step: 1802	0.879883	(0.386882, 2.4101)
step: 1803	0.880371	(0.387312, 2.41128)
step: 1804	0.880859	(0.387742, 2.41245)
step: 1805	0.881348	(0.388172, 2.41363)
step: 1806	0.881836	(0.388602, 2.41481)
step: 1807	0.882324	(0.389033, 2.41599)
step: 1808	0.882813	(0.389463, 2.41717)
step: 1809	0.883301	(0.389894, 2.41835)
step: 1810	0.883789	(0.390326, 2.41953)
step: 1811	0.884277	(0.390757, 2.42071)
step: 1812	0.884766	(0.391189, 2.42189)
step: 1813	0.885254	(0.391621, 2.42308)
step: 1814	0.885742	(0.392053, 2.42426)
step: 1815	0.88623	(0.392486, 2.42544)
step: 1816	0.886719	(0.392919, 2.42663)
step: 1817	0.887207	(0.393352, 2.42781)
step: 1818	0.887695	(0.393785, 2.429)
step: 1819	0.888184	(0.394218, 2.43018)
step: 1820	0.888672	(0.394652, 2.43137)
step: 1821	0.88916	(0.395086, 2.43256)
step: 1822	0.889648	(0.39552, 2.43375)
step: 1823	0.890137	(0.395954, 2.43493)
step: 1824	0.890625	(0.396389, 2.43612)
step: 1825	0.891113	(0.396824, 2.43731)
step: 1826	0.891602	(0.397259, 2.4385)
step: 1827	0.89209	(0.397694, 2.43969)
step: 1828	0.892578	(0.39813, 2.44088)
step: 1829	0.893066	(0.398566, 2.44208)
step: 1830	0.893555	(0.399002, 2.44327)
step: 1831	0.894043	(0.399438, 2.44446)
step: 1832	0.894531	(0.399875, 2.44565)
step: 1833	0.89502	(0.400311, 2.44685)
step: 1834	0.895508	(0.400748, 2.44804)
step: 1835	0.895996	(0.401186, 2.44924)
step: 1836	0.896484	(0.401623, 2.45044)
step: 1837	0.896973	(0.402061, 2.45163)
step: 1838	0.897461	(0.402499, 2.45283)
step: 1839	0.897949	(0.402937, 2.45403)
step: 1840	0.898438	(0.403376, 2.45522)
step: 1841	0.898926	(0.403814, 2.45642)
step: 1842	0.899414	(0.404253, 2.45762)
step: 1843	0.899902	(0.404692, 2.45882)
step: 1844	0.900391	(0.405132, 2.46002)
step: 1845	0.900879	(0.405571, 2.46122)
step: 1846	0.901367	(0.406011, 2.46243)
step: 1847	0.901855	(0.406451, 2.46363)
step: 1848	0.902344	(0.406892, 2.46483)
step: 1849	0.902832	(0.407332, 2.46604)
step: 1850	0.90332	(0.407773, 2.46724)
step: 1851	0.903809	(0.408214, 2.46844)
step: 1852	0.904297	(0.408656, 2.46965)
step: 1853	0.904785	(0.409097, 2.47086)
step: 1854	0.905273	(0.409539, 2.47206)
step: 1855	0.905762	(0.409981, 2.47327)
step: 1856	0.90625	(0.410423, 2.47448)
step: 1857	0.906738	(0.410866, 2.47568)
step: 1858	0.907227	(0.411309, 2.47689)
step: 1859	0.907715	(0.411752, 2.4781)
step: 1860	0.908203	(0.412195, 2.47931)
step: 1861	0.908691	(0.412638, 2.48052)
step: 1862	0.90918	(0.413082, 2.48173)
step: 1863	0.909668	(0.413526, 2.48295)
step: 1864	0.910156	(0.41397, 2.48416)
step: 1865	0.910645	(0.414414, 2.48537)
step: 1866	0.911133	(0.414859, 2.48659)
step: 1867	0.911621	(0.415304, 2.4878)
step: 1868	0.912109	(0.415749, 2.48901)
step: 1869	0.912598	(0.416194, 2.49023)
step: 1870	0.913086	(0.41664, 2.49145)
step: 1871	0.913574	(0.417086, 2.49266)
step: 1872	0.914063	(0.417532, 2.49388)
step: 1873	0.914551	(0.417978, 2.4951)
step: 1874	0.915039	(0.418425, 2.49632)
step: 1875	0.915527	(0.418872, 2.49753)
step: 1876	0.916016	(0.419319, 2.49875)
step: 1877	0.916504	(0.419766, 2.49997)
step: 1878	0.916992	(0.420213, 2.50119)
step: 1879	0.91748	(0.420661, 2.50242)
step: 1880	0.917969	(0.421109, 2.50364)
step: 1881	0.918457	(0.421557, 2.50486)
step: 1882	0.918945	(0.422006, 2.50608)
step: 1883	0.919434	(0.422455, 2.50731)
step: 1884	0.919922	(0.422904, 2.50853)
step: 1885	0.92041	(0.423353, 2.50976)
step: 1886	0.920898	(0.423802, 2.51098)
step: 1887	0.921387	(0.424252, 2.51221)
step: 1888	0.921875	(0.424702, 2.51343)
step: 1889	0.922363	(0.425152, 2.51466)
step: 1890	0.922852	(0.425602, 2.51589)
step: 1891	0.92334	(0.426053, 2.51712)
step: 1892	0.923828	(0.426504, 2.51835)
step: 1893	0.924316	(0.426955, 2.51958)
step: 1894	0.924805	(0.427406, 2.52081)
step: 1895	0.925293	(0.427858, 2.52204)
step: 1896	0.925781	(0.428309, 2.52327)
step: 1897	0.92627	(0.428761, 2.5245)
step: 1898	0.926758	(0.429214, 2.52573)
step: 1899	0.927246	(0.429666, 2.52697)
step: 1900	0.927734	(0.430119, 2.5282)
step: 1901	0.928223	(0.430572, 2.52944)
step: 1902	0.928711	(0.431025, 2.53067)
step: 1903	0.929199	(0.431479, 2.53191)
step: 1904	0.929688	(0.431932, 2.53314)
step: 1905	0.930176	(0.432386, 2.53438)
step: 1906	0.930664	(0.432841, 2.53562)
step: 1907	0.931152	(0.433295, 2.53685)
step: 1908	0.931641	(0.43375, 2.53809)
step: 1909	0.932129	(0.434205, 2.53933)
step: 1910	0.932617	(0.43466, 2.54057)
step: 1911	0.933105	(0.435115, 2.54181)
step: 1912	0.933594	(0.435571, 2.54305)
step: 1913	0.934082	(0.436027, 2.5443)
step: 1914	0.93457	(0.436483, 2.54554)
step: 1915	0.935059	(0.436939, 2.54678)
step: 1916	0.935547	(0.437396, 2.54802)
step: 1917	0.936035	(0.437852, 2.54927)
step: 1918	0.936523	(0.438309, 2.55051)
step: 1919	0.937012	(0.438767, 2.55176)
step: 1920	0.9375	(0.439224, 2.55301)
step: 1921	0.937988	(0.439682, 2.55425)
step: 1922	0.938477	(0.44014, 2.5555)
step: 1923	0.938965	(0.440598, 2.55675)
step: 1924	0.939453	(0.441057, 2.558)
step: 1925	0.939941	(0.441515, 2.55924)
step: 1926	0.94043	(0.441974, 2.56049)
step: 1927	0.940918	(0.442434, 2.56174)
step: 1928	0.941406	(0.442893, 2.56299)
step: 1929	0.941895	(0.443353, 2.56425)
step: 1930	0.942383	(0.443813, 2.5655)
step: 1931	0.942871	(0.444273, 2.56675)
step: 1932	0.943359	(0.444733, 2.568)
step: 1933	0.943848	(0.445194, 2.56926)
step: 1934	0.944336	(0.445655, 2.57051)
step: 1935	0.944824	(0.446116, 2.57177)
step: 1936	0.945313	(0.446577, 2.57302)
step: 1937	0.945801	(0.447039, 2.57428)
step: 1938	0.946289	(0.4475, 2.57554)
step: 1939	0.946777	(0.447963, 2.57679)
step: 1940	0.947266	(0.448425, 2.57805)
step: 1941	0.947754	(0.448887, 2.57931)
step: 1942	0.948242	(0.44935, 2.58057)
step: 1943	0.94873	(0.449813, 2.58183)
step: 1944	0.949219	(0.450276, 2.58309)
step: 1945	0.949707	(0.45074, 2.58435)
step: 1946	0.950195	(0.451204, 2.58562)
step: 1947	0.950684	(0.451668, 2.58688)
step: 1948	0.951172	(0.452132, 2.58814)
step: 1949	0.95166	(0.452596, 2.5894)
step: 1950	0.952148	(0.453061, 2.59067)
step: 1951	0.952637	(0.453526, 2.59193)
step: 1952	0.953125	(0.453991, 2.5932)
step: 1953	0.953613	(0.454456, 2.59447)
step: 1954	0.954102	(0.454922, 2.59573)
step: 1955	0.95459	(0.455388, 2.597)
step: 1956	0.955078	(0.455854, 2.59827)
step: 1957	0.955566	(0.45632, 2.59954)
step: 1958	0.956055	(0.456787, 2.60081)
step: 1959	0.956543	(0.457254, 2.60208)
step: 1960	0.957031	(0.457721, 2.60335)
step: 1961	0.95752	(0.458188, 2.60462)
step: 1962	0.958008	(0.458656, 2.60589)
step: 1963	0.958496	(0.459123, 2.60716)
step: 1964	0.958984	(0.459591, 2.60843)
step: 1965	0.959473	(0.46006, 2.60971)
step: 1966	0.959961	(0.460528, 2.61098)
step: 1967	0.960449	(0.460997, 2.61226)
step: 1968	0.960938	(0.461466, 2.61353)
step: 1969	0.961426	(0.461935, 2.61481)
step: 1970	0.961914	(0.462404, 2.61609)
step: 1971	0.962402	(0.462874, 2.61736)
step: 1972	0.962891	(0.463344, 2.61864)
step: 1973	0.963379	(0.463814, 2.61992)
step: 1974	0.963867	(0.464285, 2.6212)
step: 1975	0.964355	(0.464755, 2.62248)
step: 1976	0.964844	(0.465226, 2.62376)
step: 1977	0.965332	(0.465697, 2.62504)
step: 1978	0.96582	(0.466169, 2.62632)
step: 1979	0.966309	(0.46664, 2.6276)
step: 1980	0.966797	(0.467112, 2.62889)
step: 1981	0.967285	(0.467584, 2.63017)
step: 1982	0.967773	(0.468056, 2.63146)
step: 1983	0.968262	(0.468529, 2.63274)
step: 1984	0.96875	(0.469002, 2.63403)
step: 1985	0.969238	(0.469475, 2.63531)
step: 1986	0.969727	(0.469948, 2.6366)
step: 1987	0.970215	(0.470422, 2.63789)
step: 1988	0.970703	(0.470895, 2.63917)
step: 1989	0.971191	(0.471369, 2.64046)
step: 1990	0.97168	(0.471843, 2.64175)
step: 1991	0.972168	(0.472318, 2.64304)
step: 1992	0.972656	(0.472793, 2.64433)
step: 1993	0.973145	(0.473268, 2.64562)
step: 1994	0.973633	(0.473743, 2.64692)
step: 1995	0.974121	(0.474218, 2.64821)
step: 1996	0.974609	(0.474694, 2.6495)
step: 1997	0.975098	(0.47517, 2.6508)
step: 1998	0.975586	(0.475646, 2.65209)
step: 1999	0.976074	(0.476122, 2.65338)
step: 2000	0.976563	(0.476599, 2.65468)
step: 2001	0.977051	(0.477076, 2.65598)
step: 2002	0.977539	(0.477553, 2.65727)
step: 2003	0.978027	(0.47803, 2.65857)
step: 2004	0.978516	(0.478508, 2.65987)
step: 2005	0.979004	(0.478985, 2.66117)
step: 2006	0.979492	(0.479463, 2.66247)
step: 2007	0.97998	(0.479942, 2.66377)
step: 2008	0.980469	(0.48042, 2.66507)
step: 2009	0.980957	(0.480899, 2.66637)
step: 2010	0.981445	(0.481378, 2.66767)
step: 2011	0.981934	(0.481857, 2.66897)
step: 2012	0.982422	(0.482337, 2.67028)
step: 2013	0.98291	(0.482816, 2.67158)
step: 2014	0.983398	(0.483296, 2.67289)
step: 2015	0.983887	(0.483776, 2.67419)
step: 2016	0.984375	(0.484257, 2.6755)
step: 2017	0.984863	(0.484737, 2.6768)
step: 2018	0.985352	(0.485218, 2.67811)
step: 2019	0.98584	(0.485699, 2.67942)
step: 2020	0.986328	(0.486181, 2.68073)
step: 2021	0.986816	(0.486662, 2.68203)
step: 2022	0.987305	(0.487144, 2.68334)
step: 2023	0.987793	(0.487626, 2.68465)
step: 2024	0.988281	(0.488109, 2.68596)
step: 2025	0.98877	(0.488591, 2.68728)
step: 2026	0.989258	(0.489074, 2.68859)
step: 2027	0.989746	(0.489557, 2.6899)
step: 2028	0.990234	(0.49004, 2.69121)
step: 2029	0.990723	(0.490524, 2.69253)
step: 2030	0.991211	(0.491008, 2.69384)
step: 2031	0.991699	(0.491492, 2.69516)
step: 2032	0.992188	(0.491976, 2.69647)
step: 2033	0.992676	(0.49246, 2.69779)
step: 2034	0.993164	(0.492945, 2.69911)
step: 2035	0.993652	(0.49343, 2.70043)
step: 2036	0.994141	(0.493915, 2.70175)
step: 2037	0.994629	(0.494401, 2.70306)
step: 2038	0.995117	(0.494886, 2.70438)
step: 2039	0.995605	(0.495372, 2.7057)
step: 2040	0.996094	(0.495858, 2.70703)
step: 2041	0.996582	(0.496345, 2.70835)
step: 2042	0.99707	(0.496831, 2.70967)
step: 2043	0.997559	(0.497318, 2.71099)
step: 2044	0.998047	(0.497805, 2.71232)
step: 2045	0.998535	(0.498292, 2.71364)
step: 2046	0.999023	(0.49878, 2.71497)
step: 2047	0.999512	(0.499268, 2.71629)
step: 2048	1	(0.499756, 2.71762)
