step: 0	0	(0, 1)
step: 1	0.00625	(0, 1.00625)
step: 2	0.0125	(3.90625e-05, 1.01254)
step: 3	0.01875	(0.000117188, 1.01887)
step: 4	0.025	(0.000234375, 1.02524)
step: 5	0.03125	(0.000390625, 1.03164)
step: 6	0.0375	(0.000585938, 1.03809)
step: 7	0.04375	(0.000820313, 1.04458)
step: 8	0.05	(0.00109375, 1.05111)
step: 9	0.05625	(0.00140625, 1.05768)
step: 10	0.0625	(0.00175781, 1.06429)
step: 11	0.06875	(0.00214844, 1.07094)
step: 12	0.075	(0.00257813, 1.07763)
step: 13	0.08125	(0.00304688, 1.08437)
step: 14	0.0875	(0.00355469, 1.09115)
step: 15	0.09375	(0.00410156, 1.09796)
step: 16	0.1	(0.0046875, 1.10483)
step: 17	0.10625	(0.0053125, 1.11173)
step: 18	0.1125	(0.00597656, 1.11868)
step: 19	0.11875	(0.00667969, 1.12567)
step: 20	0.125	(0.00742188, 1.13271)
step: 21	0.13125	(0.00820313, 1.13979)
step: 22	0.1375	(0.00902344, 1.14691)
step: 23	0.14375	(0.00988281, 1.15408)
step: 24	0.15	(0.0107813, 1.16129)
step: 25	0.15625	(0.0117188, 1.16855)
step: 26	0.1625	(0.0126953, 1.17585)
step: 27	0.16875	(0.0137109, 1.1832)
step: 28	0.175	(0.0147656, 1.1906)
step: 29	0.18125	(0.0158594, 1.19804)
step: 30	0.1875	(0.0169922, 1.20553)
step: 31	0.19375	(0.0181641, 1.21306)
step: 32	0.2	(0.019375, 1.22064)
step: 33	0.20625	(0.020625, 1.22827)
step: 34	0.2125	(0.0219141, 1.23595)
step: 35	0.21875	(0.0232422, 1.24367)
step: 36	0.225	(0.0246094, 1.25145)
step: 37	0.23125	(0.0260156, 1.25927)
step: 38	0.2375	(0.0274609, 1.26714)
step: 39	0.24375	(0.0289453, 1.27506)
step: 40	0.25	(0.0304688, 1.28303)
step: 41	0.25625	(0.0320313, 1.29105)
step: 42	0.2625	(0.0336328, 1.29911)
step: 43	0.26875	(0.0352734, 1.30723)
step: 44	0.275	(0.0369531, 1.3154)
step: 45	0.28125	(0.0386719, 1.32363)
step: 46	0.2875	(0.0404297, 1.3319)
step: 47	0.29375	(0.0422266, 1.34022)
step: 48	0.3	(0.0440625, 1.3486)
step: 49	0.30625	(0.0459375, 1.35703)
step: 50	0.3125	(0.0478516, 1.36551)
step: 51	0.31875	(0.0498047, 1.37404)
step: 52	0.325	(0.0517969, 1.38263)
step: 53	0.33125	(0.0538281, 1.39127)
step: 54	0.3375	(0.0558984, 1.39997)
step: 55	0.34375	(0.0580078, 1.40872)
step: 56	0.35	(0.0601563, 1.41752)
step: 57	0.35625	(0.0623438, 1.42638)
step: 58	0.3625	(0.0645703, 1.4353)
step: 59	0.36875	(0.0668359, 1.44427)
step: 60	0.375	(0.0691406, 1.45329)
step: 61	0.38125	(0.0714844, 1.46238)
step: 62	0.3875	(0.0738672, 1.47152)
step: 63	0.39375	(0.0762891, 1.48071)
step: 64	0.4	(0.07875, 1.48997)
step: 65	0.40625	(0.08125, 1.49928)
step: 66	0.4125	(0.0837891, 1.50865)
step: 67	0.41875	(0.0863672, 1.51808)
step: 68	0.425	(0.0889844, 1.52757)
step: 69	0.43125	(0.0916406, 1.53712)
step: 70	0.4375	(0.0943359, 1.54672)
step: 71	0.44375	(0.0970703, 1.55639)
step: 72	0.45	(0.0998438, 1.56612)
step: 73	0.45625	(0.102656, 1.57591)
step: 74	0.4625	(0.105508, 1.58576)
step: 75	0.46875	(0.108398, 1.59567)
step: 76	0.475	(0.111328, 1.60564)
step: 77	0.48125	(0.114297, 1.61567)
step: 78	0.4875	(0.117305, 1.62577)
step: 79	0.49375	(0.120352, 1.63593)
step: 80	0.5	(0.123438, 1.64616)
step: 81	0.50625	(0.126562, 1.65645)
step: 82	0.5125	(0.129727, 1.6668)
step: 83	0.51875	(0.13293, 1.67722)
step: 84	0.525	(0.136172, 1.6877)
step: 85	0.53125	(0.139453, 1.69825)
step: 86	0.5375	(0.142773, 1.70886)
step: 87	0.54375	(0.146133, 1.71954)
step: 88	0.55	(0.149531, 1.73029)
step: 89	0.55625	(0.152969, 1.7411)
step: 90	0.5625	(0.156445, 1.75199)
step: 91	0.56875	(0.159961, 1.76293)
step: 92	0.575	(0.163516, 1.77395)
step: 93	0.58125	(0.167109, 1.78504)
step: 94	0.5875	(0.170742, 1.7962)
step: 95	0.59375	(0.174414, 1.80742)
step: 96	0.6	(0.178125, 1.81872)
step: 97	0.60625	(0.181875, 1.83009)
step: 98	0.6125	(0.185664, 1.84152)
step: 99	0.61875	(0.189492, 1.85303)
step: 100	0.625	(0.193359, 1.86462)
step: 101	0.63125	(0.197266, 1.87627)
step: 102	0.6375	(0.201211, 1.888)
step: 103	0.64375	(0.205195, 1.8998)
step: 104	0.65	(0.209219, 1.91167)
step: 105	0.65625	(0.213281, 1.92362)
step: 106	0.6625	(0.217383, 1.93564)
step: 107	0.66875	(0.221523, 1.94774)
step: 108	0.675	(0.225703, 1.95991)
step: 109	0.68125	(0.229922, 1.97216)
step: 110	0.6875	(0.23418, 1.98449)
step: 111	0.69375	(0.238477, 1.99689)
step: 112	0.7	(0.242813, 2.00937)
step: 113	0.70625	(0.247188, 2.02193)
step: 114	0.7125	(0.251602, 2.03457)
step: 115	0.71875	(0.256055, 2.04728)
step: 116	0.725	(0.260547, 2.06008)
step: 117	0.73125	(0.265078, 2.07295)
step: 118	0.7375	(0.269648, 2.08591)
step: 119	0.74375	(0.274258, 2.09895)
step: 120	0.75	(0.278906, 2.11206)
step: 121	0.75625	(0.283594, 2.12527)
step: 122	0.7625	(0.28832, 2.13855)
step: 123	0.76875	(0.293086, 2.15191)
step: 124	0.775	(0.297891, 2.16536)
step: 125	0.78125	(0.302734, 2.1789)
step: 126	0.7875	(0.307617, 2.19251)
step: 127	0.79375	(0.312539, 2.20622)
step: 128	0.8	(0.3175, 2.22001)
step: 129	0.80625	(0.3225, 2.23388)
step: 130	0.8125	(0.327539, 2.24784)
step: 131	0.81875	(0.332617, 2.26189)
step: 132	0.825	(0.337734, 2.27603)
step: 133	0.83125	(0.342891, 2.29025)
step: 134	0.8375	(0.348086, 2.30457)
step: 135	0.84375	(0.35332, 2.31897)
step: 136	0.85	(0.358594, 2.33347)
step: 137	0.85625	(0.363906, 2.34805)
step: 138	0.8625	(0.369258, 2.36273)
step: 139	0.86875	(0.374648, 2.37749)
step: 140	0.875	(0.380078, 2.39235)
step: 141	0.88125	(0.385547, 2.4073)
step: 142	0.8875	(0.391055, 2.42235)
step: 143	0.89375	(0.396602, 2.43749)
step: 144	0.9	(0.402188, 2.45272)
step: 145	0.90625	(0.407813, 2.46805)
step: 146	0.9125	(0.413477, 2.48348)
step: 147	0.91875	(0.41918, 2.499)
step: 148	0.925	(0.424922, 2.51462)
step: 149	0.93125	(0.430703, 2.53034)
step: 150	0.9375	(0.436523, 2.54615)
step: 151	0.94375	(0.442383, 2.56206)
step: 152	0.95	(0.448281, 2.57808)
step: 153	0.95625	(0.454219, 2.59419)
step: 154	0.9625	(0.460195, 2.6104)
step: 155	0.96875	(0.466211, 2.62672)
step: 156	0.975	(0.472266, 2.64314)
step: 157	0.98125	(0.478359, 2.65965)
step: 158	0.9875	(0.484492, 2.67628)
step: 159	1	(0.490664, 2.693)
