step: 0	0	(0, 1)
step: 1	0.0526316	(0, 1.05263)
step: 2	0.105263	(0.00277008, 1.10803)
step: 3	0.157895	(0.00831025, 1.16635)
step: 4	0.210526	(0.0166205, 1.22774)
step: 5	0.263158	(0.0277008, 1.29236)
step: 6	0.315789	(0.0415512, 1.36037)
step: 7	0.368421	(0.0581717, 1.43197)
step: 8	0.421053	(0.0775623, 1.50734)
step: 9	0.473684	(0.099723, 1.58667)
step: 10	0.526316	(0.124654, 1.67018)
step: 11	0.578947	(0.152355, 1.75809)
step: 12	0.631579	(0.182825, 1.85062)
step: 13	0.684211	(0.216066, 1.94802)
step: 14	0.736842	(0.252078, 2.05055)
step: 15	0.789474	(0.290859, 2.15847)
step: 16	0.842105	(0.33241, 2.27207)
step: 17	0.894737	(0.376731, 2.39166)
step: 18	0.947368	(0.423823, 2.51753)
step: 19	1	(0.473684, 2.65003)
