step: 0	0	(0, 1)
step: 1	0.0125	(0, 1.0125)
step: 2	0.025	(0.00015625, 1.02516)
step: 3	0.0375	(0.00046875, 1.03797)
step: 4	0.05	(0.0009375, 1.05095)
step: 5	0.0625	(0.0015625, 1.06408)
step: 6	0.075	(0.00234375, 1.07738)
step: 7	0.0875	(0.00328125, 1.09085)
step: 8	0.1	(0.004375, 1.10449)
step: 9	0.1125	(0.005625, 1.11829)
step: 10	0.125	(0.00703125, 1.13227)
step: 11	0.1375	(0.00859375, 1.14642)
step: 12	0.15	(0.0103125, 1.16075)
step: 13	0.1625	(0.0121875, 1.17526)
step: 14	0.175	(0.0142188, 1.18995)
step: 15	0.1875	(0.0164063, 1.20483)
step: 16	0.2	(0.01875, 1.21989)
step: 17	0.2125	(0.02125, 1.23514)
step: 18	0.225	(0.0239063, 1.25058)
step: 19	0.2375	(0.0267188, 1.26621)
step: 20	0.25	(0.0296875, 1.28204)
step: 21	0.2625	(0.0328125, 1.29806)
step: 22	0.275	(0.0360938, 1.31429)
step: 23	0.2875	(0.0395313, 1.33072)
step: 24	0.3	(0.043125, 1.34735)
step: 25	0.3125	(0.046875, 1.36419)
step: 26	0.325	(0.0507813, 1.38125)
step: 27	0.3375	(0.0548438, 1.39851)
step: 28	0.35	(0.0590625, 1.41599)
step: 29	0.3625	(0.0634375, 1.43369)
step: 30	0.375	(0.0679688, 1.45161)
step: 31	0.3875	(0.0726563, 1.46976)
step: 32	0.4	(0.0775, 1.48813)
step: 33	0.4125	(0.0825, 1.50673)
step: 34	0.425	(0.0876563, 1.52557)
step: 35	0.4375	(0.0929688, 1.54464)
step: 36	0.45	(0.0984375, 1.56394)
step: 37	0.4625	(0.104063, 1.58349)
step: 38	0.475	(0.109844, 1.60329)
step: 39	0.4875	(0.115781, 1.62333)
step: 40	0.5	(0.121875, 1.64362)
step: 41	0.5125	(0.128125, 1.66416)
step: 42	0.525	(0.134531, 1.68497)
step: 43	0.5375	(0.141094, 1.70603)
step: 44	0.55	(0.147813, 1.72735)
step: 45	0.5625	(0.154688, 1.74895)
step: 46	0.575	(0.161719, 1.77081)
step: 47	0.5875	(0.168906, 1.79294)
step: 48	0.6	(0.17625, 1.81535)
step: 49	0.6125	(0.18375, 1.83805)
step: 50	0.625	(0.191406, 1.86102)
step: 51	0.6375	(0.199219, 1.88429)
step: 52	0.65	(0.207188, 1.90784)
step: 53	0.6625	(0.215313, 1.93169)
step: 54	0.675	(0.223594, 1.95583)
step: 55	0.6875	(0.232031, 1.98028)
step: 56	0.7	(0.240625, 2.00503)
step: 57	0.7125	(0.249375, 2.0301)
step: 58	0.725	(0.258281, 2.05547)
step: 59	0.7375	(0.267344, 2.08117)
step: 60	0.75	(0.276562, 2.10718)
step: 61	0.7625	(0.285938, 2.13352)
step: 62	0.775	(0.295469, 2.16019)
step: 63	0.7875	(0.305156, 2.18719)
step: 64	0.8	(0.315, 2.21453)
step: 65	0.8125	(0.325, 2.24221)
step: 66	0.825	(0.335156, 2.27024)
step: 67	0.8375	(0.345469, 2.29862)
step: 68	0.85	(0.355938, 2.32735)
step: 69	0.8625	(0.366563, 2.35644)
step: 70	0.875	(0.377344, 2.3859)
step: 71	0.8875	(0.388281, 2.41572)
step: 72	0.9	(0.399375, 2.44592)
step: 73	0.9125	(0.410625, 2.47649)
step: 74	0.925	(0.422031, 2.50745)
step: 75	0.9375	(0.433594, 2.53879)
step: 76	0.95	(0.445313, 2.57053)
step: 77	0.9625	(0.457188, 2.60266)
step: 78	0.975	(0.469219, 2.63519)
step: 80	1	(0.481406, 2.66813)
