step: 0	0	(0, 1)
step: 1	0.003125	(0, 1.00313)
step: 2	0.00625	(9.76563e-06, 1.00626)
step: 3	0.009375	(2.92969e-05, 1.0094)
step: 4	0.0125	(5.85938e-05, 1.01256)
step: 5	0.015625	(9.76563e-05, 1.01572)
step: 6	0.01875	(0.000146484, 1.0189)
step: 7	0.021875	(0.000205078, 1.02208)
step: 8	0.025	(0.000273438, 1.02528)
step: 9	0.028125	(0.000351563, 1.02848)
step: 10	0.03125	(0.000439453, 1.03169)
step: 11	0.034375	(0.000537109, 1.03492)
step: 12	0.0375	(0.000644531, 1.03815)
step: 13	0.040625	(0.000761719, 1.0414)
step: 14	0.04375	(0.000888672, 1.04465)
step: 15	0.046875	(0.00102539, 1.04791)
step: 16	0.05	(0.00117188, 1.05119)
step: 17	0.053125	(0.00132813, 1.05447)
step: 18	0.05625	(0.00149414, 1.05777)
step: 19	0.059375	(0.00166992, 1.06107)
step: 20	0.0625	(0.00185547, 1.06439)
step: 21	0.065625	(0.00205078, 1.06772)
step: 22	0.06875	(0.00225586, 1.07105)
step: 23	0.071875	(0.0024707, 1.0744)
step: 24	0.075	(0.00269531, 1.07776)
step: 25	0.078125	(0.00292969, 1.08113)
step: 26	0.08125	(0.00317383, 1.0845)
step: 27	0.084375	(0.00342773, 1.08789)
step: 28	0.0875	(0.00369141, 1.09129)
step: 29	0.090625	(0.00396484, 1.0947)
step: 30	0.09375	(0.00424805, 1.09812)
step: 31	0.096875	(0.00454102, 1.10156)
step: 32	0.1	(0.00484375, 1.105)
step: 33	0.103125	(0.00515625, 1.10845)
step: 34	0.10625	(0.00547852, 1.11192)
step: 35	0.109375	(0.00581055, 1.11539)
step: 36	0.1125	(0.00615234, 1.11888)
step: 37	0.115625	(0.00650391, 1.12237)
step: 38	0.11875	(0.00686523, 1.12588)
step: 39	0.121875	(0.00723633, 1.1294)
step: 40	0.125	(0.00761719, 1.13293)
step: 41	0.128125	(0.00800781, 1.13647)
step: 42	0.13125	(0.0084082, 1.14002)
step: 43	0.134375	(0.00881836, 1.14358)
step: 44	0.1375	(0.00923828, 1.14716)
step: 45	0.140625	(0.00966797, 1.15074)
step: 46	0.14375	(0.0101074, 1.15434)
step: 47	0.146875	(0.0105566, 1.15794)
step: 48	0.15	(0.0110156, 1.16156)
step: 49	0.153125	(0.0114844, 1.16519)
step: 50	0.15625	(0.0119629, 1.16883)
step: 51	0.159375	(0.0124512, 1.17249)
step: 52	0.1625	(0.0129492, 1.17615)
step: 53	0.165625	(0.013457, 1.17983)
step: 54	0.16875	(0.0139746, 1.18351)
step: 55	0.171875	(0.014502, 1.18721)
step: 56	0.175	(0.0150391, 1.19092)
step: 57	0.178125	(0.0155859, 1.19464)
step: 58	0.18125	(0.0161426, 1.19838)
step: 59	0.184375	(0.016709, 1.20212)
step: 60	0.1875	(0.0172852, 1.20588)
step: 61	0.190625	(0.0178711, 1.20965)
step: 62	0.19375	(0.0184668, 1.21343)
step: 63	0.196875	(0.0190723, 1.21722)
step: 64	0.2	(0.0196875, 1.22102)
step: 65	0.203125	(0.0203125, 1.22484)
step: 66	0.20625	(0.0209473, 1.22867)
step: 67	0.209375	(0.0215918, 1.2325)
step: 68	0.2125	(0.0222461, 1.23636)
step: 69	0.215625	(0.0229102, 1.24022)
step: 70	0.21875	(0.023584, 1.2441)
step: 71	0.221875	(0.0242676, 1.24798)
step: 72	0.225	(0.0249609, 1.25188)
step: 73	0.228125	(0.0256641, 1.2558)
step: 74	0.23125	(0.026377, 1.25972)
step: 75	0.234375	(0.0270996, 1.26366)
step: 76	0.2375	(0.027832, 1.26761)
step: 77	0.240625	(0.0285742, 1.27157)
step: 78	0.24375	(0.0293262, 1.27554)
step: 79	0.246875	(0.0300879, 1.27953)
step: 80	0.25	(0.0308594, 1.28352)
step: 81	0.253125	(0.0316406, 1.28754)
step: 82	0.25625	(0.0324316, 1.29156)
step: 83	0.259375	(0.0332324, 1.2956)
step: 84	0.2625	(0.034043, 1.29964)
step: 85	0.265625	(0.0348633, 1.30371)
step: 86	0.26875	(0.0356934, 1.30778)
step: 87	0.271875	(0.0365332, 1.31187)
step: 88	0.275	(0.0373828, 1.31597)
step: 89	0.278125	(0.0382422, 1.32008)
step: 90	0.28125	(0.0391113, 1.3242)
step: 91	0.284375	(0.0399902, 1.32834)
step: 92	0.2875	(0.0408789, 1.33249)
step: 93	0.290625	(0.0417773, 1.33666)
step: 94	0.29375	(0.0426855, 1.34083)
step: 95	0.296875	(0.0436035, 1.34502)
step: 96	0.3	(0.0445313, 1.34923)
step: 97	0.303125	(0.0454688, 1.35344)
step: 98	0.30625	(0.046416, 1.35767)
step: 99	0.309375	(0.047373, 1.36192)
step: 100	0.3125	(0.0483398, 1.36617)
step: 101	0.315625	(0.0493164, 1.37044)
step: 102	0.31875	(0.0503027, 1.37472)
step: 103	0.321875	(0.0512988, 1.37902)
step: 104	0.325	(0.0523047, 1.38333)
step: 105	0.328125	(0.0533203, 1.38765)
step: 106	0.33125	(0.0543457, 1.39199)
step: 107	0.334375	(0.0553809, 1.39634)
step: 108	0.3375	(0.0564258, 1.4007)
step: 109	0.340625	(0.0574805, 1.40508)
step: 110	0.34375	(0.0585449, 1.40947)
step: 111	0.346875	(0.0596191, 1.41387)
step: 112	0.35	(0.0607031, 1.41829)
step: 113	0.353125	(0.0617969, 1.42273)
step: 114	0.35625	(0.0629004, 1.42717)
step: 115	0.359375	(0.0640137, 1.43163)
step: 116	0.3625	(0.0651367, 1.43611)
step: 117	0.365625	(0.0662695, 1.44059)
step: 118	0.36875	(0.0674121, 1.44509)
step: 119	0.371875	(0.0685645, 1.44961)
step: 120	0.375	(0.0697266, 1.45414)
step: 121	0.378125	(0.0708984, 1.45869)
step: 122	0.38125	(0.0720801, 1.46324)
step: 123	0.384375	(0.0732715, 1.46782)
step: 124	0.3875	(0.0744727, 1.4724)
step: 125	0.390625	(0.0756836, 1.477)
step: 126	0.39375	(0.0769043, 1.48162)
step: 127	0.396875	(0.0781348, 1.48625)
step: 128	0.4	(0.079375, 1.49089)
step: 129	0.403125	(0.080625, 1.49555)
step: 130	0.40625	(0.0818848, 1.50023)
step: 131	0.409375	(0.0831543, 1.50492)
step: 132	0.4125	(0.0844336, 1.50962)
step: 133	0.415625	(0.0857227, 1.51434)
step: 134	0.41875	(0.0870215, 1.51907)
step: 135	0.421875	(0.0883301, 1.52382)
step: 136	0.425	(0.0896484, 1.52858)
step: 137	0.428125	(0.0909766, 1.53335)
step: 138	0.43125	(0.0923145, 1.53815)
step: 139	0.434375	(0.0936621, 1.54295)
step: 140	0.4375	(0.0950195, 1.54777)
step: 141	0.440625	(0.0963867, 1.55261)
step: 142	0.44375	(0.0977637, 1.55746)
step: 143	0.446875	(0.0991504, 1.56233)
step: 144	0.45	(0.100547, 1.56721)
step: 145	0.453125	(0.101953, 1.57211)
step: 146	0.45625	(0.103369, 1.57702)
step: 147	0.459375	(0.104795, 1.58195)
step: 148	0.4625	(0.10623, 1.58689)
step: 149	0.465625	(0.107676, 1.59185)
step: 150	0.46875	(0.109131, 1.59683)
step: 151	0.471875	(0.110596, 1.60182)
step: 152	0.475	(0.11207, 1.60682)
step: 153	0.478125	(0.113555, 1.61184)
step: 154	0.48125	(0.115049, 1.61688)
step: 155	0.484375	(0.116553, 1.62193)
step: 156	0.4875	(0.118066, 1.627)
step: 157	0.490625	(0.11959, 1.63209)
step: 158	0.49375	(0.121123, 1.63719)
step: 159	0.496875	(0.122666, 1.6423)
step: 160	0.5	(0.124219, 1.64744)
step: 161	0.503125	(0.125781, 1.65258)
step: 162	0.50625	(0.127354, 1.65775)
step: 163	0.509375	(0.128936, 1.66293)
step: 164	0.5125	(0.130527, 1.66813)
step: 165	0.515625	(0.132129, 1.67334)
step: 166	0.51875	(0.13374, 1.67857)
step: 167	0.521875	(0.135361, 1.68381)
step: 168	0.525	(0.136992, 1.68908)
step: 169	0.528125	(0.138633, 1.69435)
step: 170	0.53125	(0.140283, 1.69965)
step: 171	0.534375	(0.141943, 1.70496)
step: 172	0.5375	(0.143613, 1.71029)
step: 173	0.540625	(0.145293, 1.71563)
step: 174	0.54375	(0.146982, 1.72099)
step: 175	0.546875	(0.148682, 1.72637)
step: 176	0.55	(0.150391, 1.73177)
step: 177	0.553125	(0.152109, 1.73718)
step: 178	0.55625	(0.153838, 1.74261)
step: 179	0.559375	(0.155576, 1.74805)
step: 180	0.5625	(0.157324, 1.75352)
step: 181	0.565625	(0.159082, 1.759)
step: 182	0.56875	(0.16085, 1.76449)
step: 183	0.571875	(0.162627, 1.77001)
step: 184	0.575	(0.164414, 1.77554)
step: 185	0.578125	(0.166211, 1.78109)
step: 186	0.58125	(0.168018, 1.78665)
step: 187	0.584375	(0.169834, 1.79224)
step: 188	0.5875	(0.17166, 1.79784)
step: 189	0.590625	(0.173496, 1.80345)
step: 190	0.59375	(0.175342, 1.80909)
step: 191	0.596875	(0.177197, 1.81474)
step: 192	0.6	(0.179063, 1.82041)
step: 193	0.603125	(0.180938, 1.8261)
step: 194	0.60625	(0.182822, 1.83181)
step: 195	0.609375	(0.184717, 1.83753)
step: 196	0.6125	(0.186621, 1.84328)
step: 197	0.615625	(0.188535, 1.84904)
step: 198	0.61875	(0.190459, 1.85482)
step: 199	0.621875	(0.192393, 1.86061)
step: 200	0.625	(0.194336, 1.86643)
step: 201	0.628125	(0.196289, 1.87226)
step: 202	0.63125	(0.198252, 1.87811)
step: 203	0.634375	(0.200225, 1.88398)
step: 204	0.6375	(0.202207, 1.88987)
step: 205	0.640625	(0.204199, 1.89577)
step: 206	0.64375	(0.206201, 1.9017)
step: 207	0.646875	(0.208213, 1.90764)
step: 208	0.65	(0.210234, 1.9136)
step: 209	0.653125	(0.212266, 1.91958)
step: 210	0.65625	(0.214307, 1.92558)
step: 211	0.659375	(0.216357, 1.9316)
step: 212	0.6625	(0.218418, 1.93763)
step: 213	0.665625	(0.220488, 1.94369)
step: 214	0.66875	(0.222568, 1.94976)
step: 215	0.671875	(0.224658, 1.95585)
step: 216	0.675	(0.226758, 1.96197)
step: 217	0.678125	(0.228867, 1.9681)
step: 218	0.68125	(0.230986, 1.97425)
step: 219	0.684375	(0.233115, 1.98042)
step: 220	0.6875	(0.235254, 1.98661)
step: 221	0.690625	(0.237402, 1.99281)
step: 222	0.69375	(0.239561, 1.99904)
step: 223	0.696875	(0.241729, 2.00529)
step: 224	0.7	(0.243906, 2.01156)
step: 225	0.703125	(0.246094, 2.01784)
step: 226	0.70625	(0.248291, 2.02415)
step: 227	0.709375	(0.250498, 2.03047)
step: 228	0.7125	(0.252715, 2.03682)
step: 229	0.715625	(0.254941, 2.04318)
step: 230	0.71875	(0.257178, 2.04957)
step: 231	0.721875	(0.259424, 2.05597)
step: 232	0.725	(0.26168, 2.0624)
step: 233	0.728125	(0.263945, 2.06884)
step: 234	0.73125	(0.266221, 2.07531)
step: 235	0.734375	(0.268506, 2.08179)
step: 236	0.7375	(0.270801, 2.0883)
step: 237	0.740625	(0.273105, 2.09483)
step: 238	0.74375	(0.27542, 2.10137)
step: 239	0.746875	(0.277744, 2.10794)
step: 240	0.75	(0.280078, 2.11453)
step: 241	0.753125	(0.282422, 2.12113)
step: 242	0.75625	(0.284775, 2.12776)
step: 243	0.759375	(0.287139, 2.13441)
step: 244	0.7625	(0.289512, 2.14108)
step: 245	0.765625	(0.291895, 2.14777)
step: 246	0.76875	(0.294287, 2.15448)
step: 247	0.771875	(0.296689, 2.16122)
step: 248	0.775	(0.299102, 2.16797)
step: 249	0.778125	(0.301523, 2.17475)
step: 250	0.78125	(0.303955, 2.18154)
step: 251	0.784375	(0.306396, 2.18836)
step: 252	0.7875	(0.308848, 2.1952)
step: 253	0.790625	(0.311309, 2.20206)
step: 254	0.79375	(0.313779, 2.20894)
step: 255	0.796875	(0.31626, 2.21584)
step: 256	0.8	(0.31875, 2.22277)
step: 257	0.803125	(0.32125, 2.22971)
step: 258	0.80625	(0.32376, 2.23668)
step: 259	0.809375	(0.326279, 2.24367)
step: 260	0.8125	(0.328809, 2.25068)
step: 261	0.815625	(0.331348, 2.25771)
step: 262	0.81875	(0.333896, 2.26477)
step: 263	0.821875	(0.336455, 2.27185)
step: 264	0.825	(0.339023, 2.27895)
step: 265	0.828125	(0.341602, 2.28607)
step: 266	0.83125	(0.344189, 2.29321)
step: 267	0.834375	(0.346787, 2.30038)
step: 268	0.8375	(0.349395, 2.30757)
step: 269	0.840625	(0.352012, 2.31478)
step: 270	0.84375	(0.354639, 2.32201)
step: 271	0.846875	(0.357275, 2.32927)
step: 272	0.85	(0.359922, 2.33655)
step: 273	0.853125	(0.362578, 2.34385)
step: 274	0.85625	(0.365244, 2.35117)
step: 275	0.859375	(0.36792, 2.35852)
step: 276	0.8625	(0.370605, 2.36589)
step: 277	0.865625	(0.373301, 2.37329)
step: 278	0.86875	(0.376006, 2.3807)
step: 279	0.871875	(0.378721, 2.38814)
step: 280	0.875	(0.381445, 2.3956)
step: 281	0.878125	(0.38418, 2.40309)
step: 282	0.88125	(0.386924, 2.4106)
step: 283	0.884375	(0.389678, 2.41813)
step: 284	0.8875	(0.392441, 2.42569)
step: 285	0.890625	(0.395215, 2.43327)
step: 286	0.89375	(0.397998, 2.44087)
step: 287	0.896875	(0.400791, 2.4485)
step: 288	0.9	(0.403594, 2.45615)
step: 289	0.903125	(0.406406, 2.46383)
step: 290	0.90625	(0.409229, 2.47153)
step: 291	0.909375	(0.412061, 2.47925)
step: 292	0.9125	(0.414902, 2.487)
step: 293	0.915625	(0.417754, 2.49477)
step: 294	0.91875	(0.420615, 2.50257)
step: 295	0.921875	(0.423486, 2.51039)
step: 296	0.925	(0.426367, 2.51823)
step: 297	0.928125	(0.429258, 2.5261)
step: 298	0.93125	(0.432158, 2.534)
step: 299	0.934375	(0.435068, 2.54192)
step: 300	0.9375	(0.437988, 2.54986)
step: 301	0.940625	(0.440918, 2.55783)
step: 302	0.94375	(0.443857, 2.56582)
step: 303	0.946875	(0.446807, 2.57384)
step: 304	0.95	(0.449766, 2.58188)
step: 305	0.953125	(0.452734, 2.58995)
step: 306	0.95625	(0.455713, 2.59804)
step: 307	0.959375	(0.458701, 2.60616)
step: 308	0.9625	(0.461699, 2.61431)
step: 309	0.965625	(0.464707, 2.62248)
step: 310	0.96875	(0.467725, 2.63067)
step: 311	0.971875	(0.470752, 2.63889)
step: 312	0.975	(0.473789, 2.64714)
step: 313	0.978125	(0.476836, 2.65541)
step: 314	0.98125	(0.479893, 2.66371)
step: 315	0.984375	(0.482959, 2.67203)
step: 316	0.9875	(0.486035, 2.68038)
step: 317	0.990625	(0.489121, 2.68876)
step: 318	0.99375	(0.492217, 2.69716)
step: 320	1	(0.495322, 2.70559)
