step: 0	0	(0, 1)
step: 1	0.00390625	(0, 1.00391)
step: 2	0.0078125	(1.52588e-05, 1.00783)
step: 3	0.0117188	(4.57764e-05, 1.01176)
step: 4	0.015625	(9.15527e-05, 1.01572)
step: 5	0.0195313	(0.000152588, 1.01968)
step: 6	0.0234375	(0.000228882, 1.02367)
step: 7	0.0273438	(0.000320435, 1.02767)
step: 8	0.03125	(0.000427246, 1.03168)
step: 9	0.0351563	(0.000549316, 1.03571)
step: 10	0.0390625	(0.000686646, 1.03976)
step: 11	0.0429688	(0.000839233, 1.04382)
step: 12	0.046875	(0.00100708, 1.0479)
step: 13	0.0507813	(0.00119019, 1.05199)
step: 14	0.0546875	(0.00138855, 1.0561)
step: 15	0.0585938	(0.00160217, 1.06022)
step: 16	0.0625	(0.00183105, 1.06436)
step: 17	0.0664063	(0.0020752, 1.06852)
step: 18	0.0703125	(0.00233459, 1.0727)
step: 19	0.0742188	(0.00260925, 1.07689)
step: 20	0.078125	(0.00289917, 1.08109)
step: 21	0.0820313	(0.00320435, 1.08532)
step: 22	0.0859375	(0.00352478, 1.08956)
step: 23	0.0898438	(0.00386047, 1.09381)
step: 24	0.09375	(0.00421143, 1.09808)
step: 25	0.0976563	(0.00457764, 1.10237)
step: 26	0.101563	(0.00495911, 1.10668)
step: 27	0.105469	(0.00535583, 1.111)
step: 28	0.109375	(0.00576782, 1.11534)
step: 29	0.113281	(0.00619507, 1.1197)
step: 30	0.117188	(0.00663757, 1.12407)
step: 31	0.121094	(0.00709534, 1.12846)
step: 32	0.125	(0.00756836, 1.13287)
step: 33	0.128906	(0.00805664, 1.1373)
step: 34	0.132813	(0.00856018, 1.14174)
step: 35	0.136719	(0.00907898, 1.1462)
step: 36	0.140625	(0.00961304, 1.15068)
step: 37	0.144531	(0.0101624, 1.15517)
step: 38	0.148438	(0.0107269, 1.15968)
step: 39	0.152344	(0.0113068, 1.16421)
step: 40	0.15625	(0.0119019, 1.16876)
step: 41	0.160156	(0.0125122, 1.17333)
step: 42	0.164063	(0.0131378, 1.17791)
step: 43	0.167969	(0.0137787, 1.18251)
step: 44	0.171875	(0.0144348, 1.18713)
step: 45	0.175781	(0.0151062, 1.19177)
step: 46	0.179688	(0.0157928, 1.19642)
step: 47	0.183594	(0.0164948, 1.2011)
step: 48	0.1875	(0.0172119, 1.20579)
step: 49	0.191406	(0.0179443, 1.2105)
step: 50	0.195313	(0.018692, 1.21523)
step: 51	0.199219	(0.019455, 1.21998)
step: 52	0.203125	(0.0202332, 1.22474)
step: 53	0.207031	(0.0210266, 1.22953)
step: 54	0.210938	(0.0218353, 1.23433)
step: 55	0.214844	(0.0226593, 1.23915)
step: 56	0.21875	(0.0234985, 1.24399)
step: 57	0.222656	(0.024353, 1.24885)
step: 58	0.226563	(0.0252228, 1.25373)
step: 59	0.230469	(0.0261078, 1.25862)
step: 60	0.234375	(0.0270081, 1.26354)
step: 61	0.238281	(0.0279236, 1.26848)
step: 62	0.242188	(0.0288544, 1.27343)
step: 63	0.246094	(0.0298004, 1.27841)
step: 64	0.25	(0.0307617, 1.2834)
step: 65	0.253906	(0.0317383, 1.28841)
step: 66	0.257813	(0.0327301, 1.29345)
step: 67	0.261719	(0.0337372, 1.2985)
step: 68	0.265625	(0.0347595, 1.30357)
step: 69	0.269531	(0.0357971, 1.30866)
step: 70	0.273438	(0.03685, 1.31378)
step: 71	0.277344	(0.0379181, 1.31891)
step: 72	0.28125	(0.0390015, 1.32406)
step: 73	0.285156	(0.0401001, 1.32923)
step: 74	0.289063	(0.041214, 1.33442)
step: 75	0.292969	(0.0423431, 1.33964)
step: 76	0.296875	(0.0434875, 1.34487)
step: 77	0.300781	(0.0446472, 1.35012)
step: 78	0.304688	(0.0458221, 1.3554)
step: 79	0.308594	(0.0470123, 1.36069)
step: 80	0.3125	(0.0482178, 1.36601)
step: 81	0.316406	(0.0494385, 1.37134)
step: 82	0.320313	(0.0506744, 1.3767)
step: 83	0.324219	(0.0519257, 1.38208)
step: 84	0.328125	(0.0531921, 1.38748)
step: 85	0.332031	(0.0544739, 1.3929)
step: 86	0.335938	(0.0557709, 1.39834)
step: 87	0.339844	(0.0570831, 1.4038)
step: 88	0.34375	(0.0584106, 1.40928)
step: 89	0.347656	(0.0597534, 1.41479)
step: 90	0.351563	(0.0611115, 1.42031)
step: 91	0.355469	(0.0624847, 1.42586)
step: 92	0.359375	(0.0638733, 1.43143)
step: 93	0.363281	(0.0652771, 1.43702)
step: 94	0.367188	(0.0666962, 1.44264)
step: 95	0.371094	(0.0681305, 1.44827)
step: 96	0.375	(0.0695801, 1.45393)
step: 97	0.378906	(0.0710449, 1.45961)
step: 98	0.382813	(0.072525, 1.46531)
step: 99	0.386719	(0.0740204, 1.47103)
step: 100	0.390625	(0.075531, 1.47678)
step: 101	0.394531	(0.0770569, 1.48255)
step: 102	0.398438	(0.078598, 1.48834)
step: 103	0.402344	(0.0801544, 1.49415)
step: 104	0.40625	(0.0817261, 1.49999)
step: 105	0.410156	(0.083313, 1.50585)
step: 106	0.414063	(0.0849152, 1.51173)
step: 107	0.417969	(0.0865326, 1.51764)
step: 108	0.421875	(0.0881653, 1.52357)
step: 109	0.425781	(0.0898132, 1.52952)
step: 110	0.429688	(0.0914764, 1.53549)
step: 111	0.433594	(0.0931549, 1.54149)
step: 112	0.4375	(0.0948486, 1.54751)
step: 113	0.441406	(0.0965576, 1.55356)
step: 114	0.445313	(0.0982819, 1.55962)
step: 115	0.449219	(0.100021, 1.56572)
step: 116	0.453125	(0.101776, 1.57183)
step: 117	0.457031	(0.103546, 1.57797)
step: 118	0.460938	(0.105331, 1.58414)
step: 119	0.464844	(0.107132, 1.59032)
step: 120	0.46875	(0.108948, 1.59654)
step: 121	0.472656	(0.110779, 1.60277)
step: 122	0.476563	(0.112625, 1.60903)
step: 123	0.480469	(0.114487, 1.61532)
step: 124	0.484375	(0.116364, 1.62163)
step: 125	0.488281	(0.118256, 1.62796)
step: 126	0.492188	(0.120163, 1.63432)
step: 127	0.496094	(0.122086, 1.64071)
step: 128	0.5	(0.124023, 1.64712)
step: 129	0.503906	(0.125977, 1.65355)
step: 130	0.507813	(0.127945, 1.66001)
step: 131	0.511719	(0.129929, 1.66649)
step: 132	0.515625	(0.131927, 1.673)
step: 133	0.519531	(0.133942, 1.67954)
step: 134	0.523438	(0.135971, 1.6861)
step: 135	0.527344	(0.138016, 1.69269)
step: 136	0.53125	(0.140076, 1.6993)
step: 137	0.535156	(0.142151, 1.70594)
step: 138	0.539063	(0.144241, 1.7126)
step: 139	0.542969	(0.146347, 1.71929)
step: 140	0.546875	(0.148468, 1.72601)
step: 141	0.550781	(0.150604, 1.73275)
step: 142	0.554688	(0.152756, 1.73952)
step: 143	0.558594	(0.154922, 1.74631)
step: 144	0.5625	(0.157104, 1.75313)
step: 145	0.566406	(0.159302, 1.75998)
step: 146	0.570313	(0.161514, 1.76686)
step: 147	0.574219	(0.163742, 1.77376)
step: 148	0.578125	(0.165985, 1.78069)
step: 149	0.582031	(0.168243, 1.78764)
step: 150	0.585938	(0.170517, 1.79462)
step: 151	0.589844	(0.172806, 1.80164)
step: 152	0.59375	(0.17511, 1.80867)
step: 153	0.597656	(0.177429, 1.81574)
step: 154	0.601563	(0.179764, 1.82283)
step: 155	0.605469	(0.182114, 1.82995)
step: 156	0.609375	(0.184479, 1.8371)
step: 157	0.613281	(0.186859, 1.84428)
step: 158	0.617188	(0.189255, 1.85148)
step: 159	0.621094	(0.191666, 1.85871)
step: 160	0.625	(0.194092, 1.86597)
step: 161	0.628906	(0.196533, 1.87326)
step: 162	0.632813	(0.19899, 1.88058)
step: 163	0.636719	(0.201462, 1.88793)
step: 164	0.640625	(0.203949, 1.8953)
step: 165	0.644531	(0.206451, 1.9027)
step: 166	0.648438	(0.208969, 1.91014)
step: 167	0.652344	(0.211502, 1.9176)
step: 168	0.65625	(0.21405, 1.92509)
step: 169	0.660156	(0.216614, 1.93261)
step: 170	0.664063	(0.219193, 1.94016)
step: 171	0.667969	(0.221786, 1.94774)
step: 172	0.671875	(0.224396, 1.95534)
step: 173	0.675781	(0.22702, 1.96298)
step: 174	0.679688	(0.22966, 1.97065)
step: 175	0.683594	(0.232315, 1.97835)
step: 176	0.6875	(0.234985, 1.98608)
step: 177	0.691406	(0.237671, 1.99383)
step: 178	0.695313	(0.240372, 2.00162)
step: 179	0.699219	(0.243088, 2.00944)
step: 180	0.703125	(0.245819, 2.01729)
step: 181	0.707031	(0.248566, 2.02517)
step: 182	0.710938	(0.251328, 2.03308)
step: 183	0.714844	(0.254105, 2.04102)
step: 184	0.71875	(0.256897, 2.049)
step: 185	0.722656	(0.259705, 2.057)
step: 186	0.726563	(0.262527, 2.06503)
step: 187	0.730469	(0.265366, 2.0731)
step: 188	0.734375	(0.268219, 2.0812)
step: 189	0.738281	(0.271088, 2.08933)
step: 190	0.742188	(0.273972, 2.09749)
step: 191	0.746094	(0.276871, 2.10568)
step: 192	0.75	(0.279785, 2.11391)
step: 193	0.753906	(0.282715, 2.12217)
step: 194	0.757813	(0.28566, 2.13046)
step: 195	0.761719	(0.28862, 2.13878)
step: 196	0.765625	(0.291595, 2.14713)
step: 197	0.769531	(0.294586, 2.15552)
step: 198	0.773438	(0.297592, 2.16394)
step: 199	0.777344	(0.300613, 2.17239)
step: 200	0.78125	(0.30365, 2.18088)
step: 201	0.785156	(0.306702, 2.1894)
step: 202	0.789063	(0.309769, 2.19795)
step: 203	0.792969	(0.312851, 2.20654)
step: 204	0.796875	(0.315948, 2.21516)
step: 205	0.800781	(0.319061, 2.22381)
step: 206	0.804688	(0.322189, 2.2325)
step: 207	0.808594	(0.325333, 2.24122)
step: 208	0.8125	(0.328491, 2.24997)
step: 209	0.816406	(0.331665, 2.25876)
step: 210	0.820313	(0.334854, 2.26758)
step: 211	0.824219	(0.338058, 2.27644)
step: 212	0.828125	(0.341278, 2.28533)
step: 213	0.832031	(0.344513, 2.29426)
step: 214	0.835938	(0.347763, 2.30322)
step: 215	0.839844	(0.351028, 2.31222)
step: 216	0.84375	(0.354309, 2.32125)
step: 217	0.847656	(0.357605, 2.33032)
step: 218	0.851563	(0.360916, 2.33942)
step: 219	0.855469	(0.364243, 2.34856)
step: 220	0.859375	(0.367584, 2.35773)
step: 221	0.863281	(0.370941, 2.36694)
step: 222	0.867188	(0.374313, 2.37619)
step: 223	0.871094	(0.377701, 2.38547)
step: 224	0.875	(0.381104, 2.39479)
step: 225	0.878906	(0.384521, 2.40414)
step: 226	0.882813	(0.387955, 2.41354)
step: 227	0.886719	(0.391403, 2.42296)
step: 228	0.890625	(0.394867, 2.43243)
step: 229	0.894531	(0.398346, 2.44193)
step: 230	0.898438	(0.40184, 2.45147)
step: 231	0.902344	(0.40535, 2.46104)
step: 232	0.90625	(0.408875, 2.47066)
step: 233	0.910156	(0.412415, 2.48031)
step: 234	0.914063	(0.41597, 2.49)
step: 235	0.917969	(0.41954, 2.49972)
step: 236	0.921875	(0.423126, 2.50949)
step: 237	0.925781	(0.426727, 2.51929)
step: 238	0.929688	(0.430344, 2.52913)
step: 239	0.933594	(0.433975, 2.53901)
step: 240	0.9375	(0.437622, 2.54893)
step: 241	0.941406	(0.441284, 2.55889)
step: 242	0.945313	(0.444962, 2.56888)
step: 243	0.949219	(0.448654, 2.57892)
step: 244	0.953125	(0.452362, 2.58899)
step: 245	0.957031	(0.456085, 2.5991)
step: 246	0.960938	(0.459824, 2.60926)
step: 247	0.964844	(0.463577, 2.61945)
step: 248	0.96875	(0.467346, 2.62968)
step: 249	0.972656	(0.47113, 2.63995)
step: 250	0.976563	(0.47493, 2.65027)
step: 251	0.980469	(0.478745, 2.66062)
step: 252	0.984375	(0.482574, 2.67101)
step: 253	0.988281	(0.48642, 2.68145)
step: 254	0.992188	(0.49028, 2.69192)
step: 255	0.996094	(0.494156, 2.70244)
step: 256	1	(0.498047, 2.71299)
