step: 0	0	(0, 1)
step: 1	0.0555556	(0, 1.05556)
step: 2	0.111111	(0.00308642, 1.1142)
step: 3	0.166667	(0.00925926, 1.1761)
step: 4	0.222222	(0.0185185, 1.24144)
step: 5	0.277778	(0.0308642, 1.3104)
step: 6	0.333333	(0.0462963, 1.38321)
step: 7	0.388889	(0.0648148, 1.46005)
step: 8	0.444444	(0.0864198, 1.54116)
step: 9	0.5	(0.111111, 1.62678)
step: 10	0.555556	(0.138889, 1.71716)
step: 11	0.611111	(0.169753, 1.81256)
step: 12	0.666667	(0.203704, 1.91326)
step: 13	0.722222	(0.240741, 2.01955)
step: 14	0.777778	(0.280864, 2.13175)
step: 15	0.833333	(0.324074, 2.25018)
step: 16	0.888889	(0.37037, 2.37519)
step: 17	0.944444	(0.419753, 2.50714)
step: 18	1	(0.472222, 2.64643)
