step: 0	0	(0, 1)
step: 1	0.000976563	(0, 1.00098)
step: 2	0.00195313	(9.53674e-07, 1.00195)
step: 3	0.00292969	(2.86102e-06, 1.00293)
step: 4	0.00390625	(5.72205e-06, 1.00391)
step: 5	0.00488281	(9.53674e-06, 1.00489)
step: 6	0.00585938	(1.43051e-05, 1.00587)
step: 7	0.00683594	(2.00272e-05, 1.00686)
step: 8	0.0078125	(2.67029e-05, 1.00784)
step: 9	0.00878906	(3.43323e-05, 1.00882)
step: 10	0.00976563	(4.29153e-05, 1.00981)
step: 11	0.0107422	(5.24521e-05, 1.01079)
step: 12	0.0117188	(6.29425e-05, 1.01178)
step: 13	0.0126953	(7.43866e-05, 1.01277)
step: 14	0.0136719	(8.67844e-05, 1.01376)
step: 15	0.0146484	(0.000100136, 1.01475)
step: 16	0.015625	(0.000114441, 1.01574)
step: 17	0.0166016	(0.0001297, 1.01673)
step: 18	0.0175781	(0.000145912, 1.01772)
step: 19	0.0185547	(0.000163078, 1.01872)
step: 20	0.0195313	(0.000181198, 1.01971)
step: 21	0.0205078	(0.000200272, 1.02071)
step: 22	0.0214844	(0.000220299, 1.02171)
step: 23	0.0224609	(0.00024128, 1.0227)
step: 24	0.0234375	(0.000263214, 1.0237)
step: 25	0.0244141	(0.000286102, 1.0247)
step: 26	0.0253906	(0.000309944, 1.0257)
step: 27	0.0263672	(0.00033474, 1.0267)
step: 28	0.0273438	(0.000360489, 1.02771)
step: 29	0.0283203	(0.000387192, 1.02871)
step: 30	0.0292969	(0.000414848, 1.02972)
step: 31	0.0302734	(0.000443459, 1.03072)
step: 32	0.03125	(0.000473022, 1.03173)
step: 33	0.0322266	(0.00050354, 1.03274)
step: 34	0.0332031	(0.000535011, 1.03374)
step: 35	0.0341797	(0.000567436, 1.03475)
step: 36	0.0351563	(0.000600815, 1.03576)
step: 37	0.0361328	(0.000635147, 1.03678)
step: 38	0.0371094	(0.000670433, 1.03779)
step: 39	0.0380859	(0.000706673, 1.0388)
step: 40	0.0390625	(0.000743866, 1.03982)
step: 41	0.0400391	(0.000782013, 1.04083)
step: 42	0.0410156	(0.000821114, 1.04185)
step: 43	0.0419922	(0.000861168, 1.04286)
step: 44	0.0429688	(0.000902176, 1.04388)
step: 45	0.0439453	(0.000944138, 1.0449)
step: 46	0.0449219	(0.000987053, 1.04592)
step: 47	0.0458984	(0.00103092, 1.04694)
step: 48	0.046875	(0.00107574, 1.04797)
step: 49	0.0478516	(0.00112152, 1.04899)
step: 50	0.0488281	(0.00116825, 1.05001)
step: 51	0.0498047	(0.00121593, 1.05104)
step: 52	0.0507813	(0.00126457, 1.05207)
step: 53	0.0517578	(0.00131416, 1.05309)
step: 54	0.0527344	(0.00136471, 1.05412)
step: 55	0.0537109	(0.00141621, 1.05515)
step: 56	0.0546875	(0.00146866, 1.05618)
step: 57	0.0556641	(0.00152206, 1.05721)
step: 58	0.0566406	(0.00157642, 1.05825)
step: 59	0.0576172	(0.00163174, 1.05928)
step: 60	0.0585938	(0.001688, 1.06031)
step: 61	0.0595703	(0.00174522, 1.06135)
step: 62	0.0605469	(0.0018034, 1.06239)
step: 63	0.0615234	(0.00186253, 1.06342)
step: 64	0.0625	(0.00192261, 1.06446)
step: 65	0.0634766	(0.00198364, 1.0655)
step: 66	0.0644531	(0.00204563, 1.06654)
step: 67	0.0654297	(0.00210857, 1.06758)
step: 68	0.0664063	(0.00217247, 1.06863)
step: 69	0.0673828	(0.00223732, 1.06967)
step: 70	0.0683594	(0.00230312, 1.07071)
step: 71	0.0693359	(0.00236988, 1.07176)
step: 72	0.0703125	(0.00243759, 1.07281)
step: 73	0.0712891	(0.00250626, 1.07385)
step: 74	0.0722656	(0.00257587, 1.0749)
step: 75	0.0732422	(0.00264645, 1.07595)
step: 76	0.0742188	(0.00271797, 1.077)
step: 77	0.0751953	(0.00279045, 1.07806)
step: 78	0.0761719	(0.00286388, 1.07911)
step: 79	0.0771484	(0.00293827, 1.08016)
step: 80	0.078125	(0.00301361, 1.08122)
step: 81	0.0791016	(0.0030899, 1.08227)
step: 82	0.0800781	(0.00316715, 1.08333)
step: 83	0.0810547	(0.00324535, 1.08439)
step: 84	0.0820313	(0.00332451, 1.08545)
step: 85	0.0830078	(0.00340462, 1.08651)
step: 86	0.0839844	(0.00348568, 1.08757)
step: 87	0.0849609	(0.0035677, 1.08863)
step: 88	0.0859375	(0.00365067, 1.08969)
step: 89	0.0869141	(0.00373459, 1.09076)
step: 90	0.0878906	(0.00381947, 1.09182)
step: 91	0.0888672	(0.0039053, 1.09289)
step: 92	0.0898438	(0.00399208, 1.09396)
step: 93	0.0908203	(0.00407982, 1.09502)
step: 94	0.0917969	(0.00416851, 1.09609)
step: 95	0.0927734	(0.00425816, 1.09716)
step: 96	0.09375	(0.00434875, 1.09823)
step: 97	0.0947266	(0.00444031, 1.09931)
step: 98	0.0957031	(0.00453281, 1.10038)
step: 99	0.0966797	(0.00462627, 1.10146)
step: 100	0.0976563	(0.00472069, 1.10253)
step: 101	0.0986328	(0.00481606, 1.10361)
step: 102	0.0996094	(0.00491238, 1.10469)
step: 103	0.100586	(0.00500965, 1.10576)
step: 104	0.101563	(0.00510788, 1.10684)
step: 105	0.102539	(0.00520706, 1.10793)
step: 106	0.103516	(0.0053072, 1.10901)
step: 107	0.104492	(0.00540829, 1.11009)
step: 108	0.105469	(0.00551033, 1.11117)
step: 109	0.106445	(0.00561333, 1.11226)
step: 110	0.107422	(0.00571728, 1.11335)
step: 111	0.108398	(0.00582218, 1.11443)
step: 112	0.109375	(0.00592804, 1.11552)
step: 113	0.110352	(0.00603485, 1.11661)
step: 114	0.111328	(0.00614262, 1.1177)
step: 115	0.112305	(0.00625134, 1.11879)
step: 116	0.113281	(0.00636101, 1.11988)
step: 117	0.114258	(0.00647163, 1.12098)
step: 118	0.115234	(0.00658321, 1.12207)
step: 119	0.116211	(0.00669575, 1.12317)
step: 120	0.117188	(0.00680923, 1.12427)
step: 121	0.118164	(0.00692368, 1.12536)
step: 122	0.119141	(0.00703907, 1.12646)
step: 123	0.120117	(0.00715542, 1.12756)
step: 124	0.121094	(0.00727272, 1.12866)
step: 125	0.12207	(0.00739098, 1.12977)
step: 126	0.123047	(0.00751019, 1.13087)
step: 127	0.124023	(0.00763035, 1.13197)
step: 128	0.125	(0.00775146, 1.13308)
step: 129	0.125977	(0.00787354, 1.13419)
step: 130	0.126953	(0.00799656, 1.13529)
step: 131	0.12793	(0.00812054, 1.1364)
step: 132	0.128906	(0.00824547, 1.13751)
step: 133	0.129883	(0.00837135, 1.13862)
step: 134	0.130859	(0.00849819, 1.13973)
step: 135	0.131836	(0.00862598, 1.14085)
step: 136	0.132813	(0.00875473, 1.14196)
step: 137	0.133789	(0.00888443, 1.14308)
step: 138	0.134766	(0.00901508, 1.14419)
step: 139	0.135742	(0.00914669, 1.14531)
step: 140	0.136719	(0.00927925, 1.14643)
step: 141	0.137695	(0.00941277, 1.14755)
step: 142	0.138672	(0.00954723, 1.14867)
step: 143	0.139648	(0.00968266, 1.14979)
step: 144	0.140625	(0.00981903, 1.15091)
step: 145	0.141602	(0.00995636, 1.15204)
step: 146	0.142578	(0.0100946, 1.15316)
step: 147	0.143555	(0.0102339, 1.15429)
step: 148	0.144531	(0.0103741, 1.15542)
step: 149	0.145508	(0.0105152, 1.15654)
step: 150	0.146484	(0.0106573, 1.15767)
step: 151	0.147461	(0.0108004, 1.1588)
step: 152	0.148438	(0.0109444, 1.15994)
step: 153	0.149414	(0.0110893, 1.16107)
step: 154	0.150391	(0.0112352, 1.1622)
step: 155	0.151367	(0.0113821, 1.16334)
step: 156	0.152344	(0.0115299, 1.16447)
step: 157	0.15332	(0.0116787, 1.16561)
step: 158	0.154297	(0.0118284, 1.16675)
step: 159	0.155273	(0.0119791, 1.16789)
step: 160	0.15625	(0.0121307, 1.16903)
step: 161	0.157227	(0.0122833, 1.17017)
step: 162	0.158203	(0.0124369, 1.17131)
step: 163	0.15918	(0.0125914, 1.17246)
step: 164	0.160156	(0.0127468, 1.1736)
step: 165	0.161133	(0.0129032, 1.17475)
step: 166	0.162109	(0.0130606, 1.1759)
step: 167	0.163086	(0.0132189, 1.17704)
step: 168	0.164063	(0.0133781, 1.17819)
step: 169	0.165039	(0.0135384, 1.17934)
step: 170	0.166016	(0.0136995, 1.1805)
step: 171	0.166992	(0.0138617, 1.18165)
step: 172	0.167969	(0.0140247, 1.1828)
step: 173	0.168945	(0.0141888, 1.18396)
step: 174	0.169922	(0.0143538, 1.18511)
step: 175	0.170898	(0.0145197, 1.18627)
step: 176	0.171875	(0.0146866, 1.18743)
step: 177	0.172852	(0.0148544, 1.18859)
step: 178	0.173828	(0.0150232, 1.18975)
step: 179	0.174805	(0.015193, 1.19091)
step: 180	0.175781	(0.0153637, 1.19207)
step: 181	0.176758	(0.0155354, 1.19324)
step: 182	0.177734	(0.015708, 1.1944)
step: 183	0.178711	(0.0158815, 1.19557)
step: 184	0.179688	(0.0160561, 1.19674)
step: 185	0.180664	(0.0162315, 1.19791)
step: 186	0.181641	(0.016408, 1.19908)
step: 187	0.182617	(0.0165854, 1.20025)
step: 188	0.183594	(0.0167637, 1.20142)
step: 189	0.18457	(0.016943, 1.20259)
step: 190	0.185547	(0.0171232, 1.20377)
step: 191	0.186523	(0.0173044, 1.20494)
step: 192	0.1875	(0.0174866, 1.20612)
step: 193	0.188477	(0.0176697, 1.2073)
step: 194	0.189453	(0.0178537, 1.20848)
step: 195	0.19043	(0.0180387, 1.20966)
step: 196	0.191406	(0.0182247, 1.21084)
step: 197	0.192383	(0.0184116, 1.21202)
step: 198	0.193359	(0.0185995, 1.2132)
step: 199	0.194336	(0.0187883, 1.21439)
step: 200	0.195313	(0.0189781, 1.21557)
step: 201	0.196289	(0.0191689, 1.21676)
step: 202	0.197266	(0.0193605, 1.21795)
step: 203	0.198242	(0.0195532, 1.21914)
step: 204	0.199219	(0.0197468, 1.22033)
step: 205	0.200195	(0.0199413, 1.22152)
step: 206	0.201172	(0.0201368, 1.22271)
step: 207	0.202148	(0.0203333, 1.22391)
step: 208	0.203125	(0.0205307, 1.2251)
step: 209	0.204102	(0.0207291, 1.2263)
step: 210	0.205078	(0.0209284, 1.2275)
step: 211	0.206055	(0.0211287, 1.2287)
step: 212	0.207031	(0.0213299, 1.2299)
step: 213	0.208008	(0.0215321, 1.2311)
step: 214	0.208984	(0.0217352, 1.2323)
step: 215	0.209961	(0.0219393, 1.2335)
step: 216	0.210938	(0.0221443, 1.23471)
step: 217	0.211914	(0.0223503, 1.23591)
step: 218	0.212891	(0.0225573, 1.23712)
step: 219	0.213867	(0.0227652, 1.23833)
step: 220	0.214844	(0.022974, 1.23954)
step: 221	0.21582	(0.0231838, 1.24075)
step: 222	0.216797	(0.0233946, 1.24196)
step: 223	0.217773	(0.0236063, 1.24317)
step: 224	0.21875	(0.023819, 1.24439)
step: 225	0.219727	(0.0240326, 1.2456)
step: 226	0.220703	(0.0242472, 1.24682)
step: 227	0.22168	(0.0244627, 1.24804)
step: 228	0.222656	(0.0246792, 1.24926)
step: 229	0.223633	(0.0248966, 1.25048)
step: 230	0.224609	(0.025115, 1.2517)
step: 231	0.225586	(0.0253344, 1.25292)
step: 232	0.226563	(0.0255547, 1.25414)
step: 233	0.227539	(0.0257759, 1.25537)
step: 234	0.228516	(0.0259981, 1.25659)
step: 235	0.229492	(0.0262213, 1.25782)
step: 236	0.230469	(0.0264454, 1.25905)
step: 237	0.231445	(0.0266705, 1.26028)
step: 238	0.232422	(0.0268965, 1.26151)
step: 239	0.233398	(0.0271235, 1.26274)
step: 240	0.234375	(0.0273514, 1.26397)
step: 241	0.235352	(0.0275803, 1.26521)
step: 242	0.236328	(0.0278101, 1.26644)
step: 243	0.237305	(0.0280409, 1.26768)
step: 244	0.238281	(0.0282726, 1.26892)
step: 245	0.239258	(0.0285053, 1.27016)
step: 246	0.240234	(0.028739, 1.2714)
step: 247	0.241211	(0.0289736, 1.27264)
step: 248	0.242188	(0.0292091, 1.27388)
step: 249	0.243164	(0.0294456, 1.27513)
step: 250	0.244141	(0.0296831, 1.27637)
step: 251	0.245117	(0.0299215, 1.27762)
step: 252	0.246094	(0.0301609, 1.27887)
step: 253	0.24707	(0.0304012, 1.28011)
step: 254	0.248047	(0.0306425, 1.28136)
step: 255	0.249023	(0.0308847, 1.28262)
step: 256	0.25	(0.0311279, 1.28387)
step: 257	0.250977	(0.0313721, 1.28512)
step: 258	0.251953	(0.0316172, 1.28638)
step: 259	0.25293	(0.0318632, 1.28763)
step: 260	0.253906	(0.0321102, 1.28889)
step: 261	0.254883	(0.0323582, 1.29015)
step: 262	0.255859	(0.0326071, 1.29141)
step: 263	0.256836	(0.0328569, 1.29267)
step: 264	0.257813	(0.0331078, 1.29393)
step: 265	0.258789	(0.0333595, 1.2952)
step: 266	0.259766	(0.0336123, 1.29646)
step: 267	0.260742	(0.0338659, 1.29773)
step: 268	0.261719	(0.0341206, 1.299)
step: 269	0.262695	(0.0343761, 1.30026)
step: 270	0.263672	(0.0346327, 1.30153)
step: 271	0.264648	(0.0348902, 1.3028)
step: 272	0.265625	(0.0351486, 1.30408)
step: 273	0.266602	(0.035408, 1.30535)
step: 274	0.267578	(0.0356684, 1.30663)
step: 275	0.268555	(0.0359297, 1.3079)
step: 276	0.269531	(0.0361919, 1.30918)
step: 277	0.270508	(0.0364552, 1.31046)
step: 278	0.271484	(0.0367193, 1.31174)
step: 279	0.272461	(0.0369844, 1.31302)
step: 280	0.273438	(0.0372505, 1.3143)
step: 281	0.274414	(0.0375175, 1.31558)
step: 282	0.275391	(0.0377855, 1.31687)
step: 283	0.276367	(0.0380545, 1.31815)
step: 284	0.277344	(0.0383244, 1.31944)
step: 285	0.27832	(0.0385952, 1.32073)
step: 286	0.279297	(0.038867, 1.32202)
step: 287	0.280273	(0.0391397, 1.32331)
step: 288	0.28125	(0.0394135, 1.3246)
step: 289	0.282227	(0.0396881, 1.3259)
step: 290	0.283203	(0.0399637, 1.32719)
step: 291	0.28418	(0.0402403, 1.32849)
step: 292	0.285156	(0.0405178, 1.32978)
step: 293	0.286133	(0.0407963, 1.33108)
step: 294	0.287109	(0.0410757, 1.33238)
step: 295	0.288086	(0.0413561, 1.33368)
step: 296	0.289063	(0.0416374, 1.33499)
step: 297	0.290039	(0.0419197, 1.33629)
step: 298	0.291016	(0.0422029, 1.3376)
step: 299	0.291992	(0.0424871, 1.3389)
step: 300	0.292969	(0.0427723, 1.34021)
step: 301	0.293945	(0.0430584, 1.34152)
step: 302	0.294922	(0.0433455, 1.34283)
step: 303	0.295898	(0.0436335, 1.34414)
step: 304	0.296875	(0.0439224, 1.34545)
step: 305	0.297852	(0.0442123, 1.34677)
step: 306	0.298828	(0.0445032, 1.34808)
step: 307	0.299805	(0.044795, 1.3494)
step: 308	0.300781	(0.0450878, 1.35072)
step: 309	0.301758	(0.0453815, 1.35203)
step: 310	0.302734	(0.0456762, 1.35335)
step: 311	0.303711	(0.0459719, 1.35468)
step: 312	0.304688	(0.0462685, 1.356)
step: 313	0.305664	(0.046566, 1.35732)
step: 314	0.306641	(0.0468645, 1.35865)
step: 315	0.307617	(0.047164, 1.35998)
step: 316	0.308594	(0.0474644, 1.3613)
step: 317	0.30957	(0.0477657, 1.36263)
step: 318	0.310547	(0.048068, 1.36396)
step: 319	0.311523	(0.0483713, 1.3653)
step: 320	0.3125	(0.0486755, 1.36663)
step: 321	0.313477	(0.0489807, 1.36796)
step: 322	0.314453	(0.0492868, 1.3693)
step: 323	0.31543	(0.0495939, 1.37064)
step: 324	0.316406	(0.049902, 1.37198)
step: 325	0.317383	(0.050211, 1.37332)
step: 326	0.318359	(0.0505209, 1.37466)
step: 327	0.319336	(0.0508318, 1.376)
step: 328	0.320313	(0.0511436, 1.37734)
step: 329	0.321289	(0.0514565, 1.37869)
step: 330	0.322266	(0.0517702, 1.38003)
step: 331	0.323242	(0.0520849, 1.38138)
step: 332	0.324219	(0.0524006, 1.38273)
step: 333	0.325195	(0.0527172, 1.38408)
step: 334	0.326172	(0.0530348, 1.38543)
step: 335	0.327148	(0.0533533, 1.38679)
step: 336	0.328125	(0.0536728, 1.38814)
step: 337	0.329102	(0.0539932, 1.3895)
step: 338	0.330078	(0.0543146, 1.39085)
step: 339	0.331055	(0.054637, 1.39221)
step: 340	0.332031	(0.0549603, 1.39357)
step: 341	0.333008	(0.0552845, 1.39493)
step: 342	0.333984	(0.0556097, 1.39629)
step: 343	0.334961	(0.0559359, 1.39766)
step: 344	0.335938	(0.056263, 1.39902)
step: 345	0.336914	(0.056591, 1.40039)
step: 346	0.337891	(0.0569201, 1.40176)
step: 347	0.338867	(0.05725, 1.40312)
step: 348	0.339844	(0.0575809, 1.4045)
step: 349	0.34082	(0.0579128, 1.40587)
step: 350	0.341797	(0.0582457, 1.40724)
step: 351	0.342773	(0.0585794, 1.40861)
step: 352	0.34375	(0.0589142, 1.40999)
step: 353	0.344727	(0.0592499, 1.41137)
step: 354	0.345703	(0.0595865, 1.41274)
step: 355	0.34668	(0.0599241, 1.41412)
step: 356	0.347656	(0.0602627, 1.41551)
step: 357	0.348633	(0.0606022, 1.41689)
step: 358	0.349609	(0.0609426, 1.41827)
step: 359	0.350586	(0.0612841, 1.41966)
step: 360	0.351563	(0.0616264, 1.42104)
step: 361	0.352539	(0.0619698, 1.42243)
step: 362	0.353516	(0.062314, 1.42382)
step: 363	0.354492	(0.0626593, 1.42521)
step: 364	0.355469	(0.0630054, 1.4266)
step: 365	0.356445	(0.0633526, 1.428)
step: 366	0.357422	(0.0637007, 1.42939)
step: 367	0.358398	(0.0640497, 1.43079)
step: 368	0.359375	(0.0643997, 1.43218)
step: 369	0.360352	(0.0647507, 1.43358)
step: 370	0.361328	(0.0651026, 1.43498)
step: 371	0.362305	(0.0654554, 1.43638)
step: 372	0.363281	(0.0658092, 1.43779)
step: 373	0.364258	(0.066164, 1.43919)
step: 374	0.365234	(0.0665197, 1.44059)
step: 375	0.366211	(0.0668764, 1.442)
step: 376	0.367188	(0.067234, 1.44341)
step: 377	0.368164	(0.0675926, 1.44482)
step: 378	0.369141	(0.0679522, 1.44623)
step: 379	0.370117	(0.0683126, 1.44764)
step: 380	0.371094	(0.0686741, 1.44906)
step: 381	0.37207	(0.0690365, 1.45047)
step: 382	0.373047	(0.0693998, 1.45189)
step: 383	0.374023	(0.0697641, 1.45331)
step: 384	0.375	(0.0701294, 1.45473)
step: 385	0.375977	(0.0704956, 1.45615)
step: 386	0.376953	(0.0708628, 1.45757)
step: 387	0.37793	(0.0712309, 1.45899)
step: 388	0.378906	(0.0716, 1.46042)
step: 389	0.379883	(0.07197, 1.46184)
step: 390	0.380859	(0.072341, 1.46327)
step: 391	0.381836	(0.0727129, 1.4647)
step: 392	0.382813	(0.0730858, 1.46613)
step: 393	0.383789	(0.0734596, 1.46756)
step: 394	0.384766	(0.0738344, 1.46899)
step: 395	0.385742	(0.0742102, 1.47043)
step: 396	0.386719	(0.0745869, 1.47186)
step: 397	0.387695	(0.0749645, 1.4733)
step: 398	0.388672	(0.0753431, 1.47474)
step: 399	0.389648	(0.0757227, 1.47618)
step: 400	0.390625	(0.0761032, 1.47762)
step: 401	0.391602	(0.0764847, 1.47907)
step: 402	0.392578	(0.0768671, 1.48051)
step: 403	0.393555	(0.0772505, 1.48196)
step: 404	0.394531	(0.0776348, 1.4834)
step: 405	0.395508	(0.0780201, 1.48485)
step: 406	0.396484	(0.0784063, 1.4863)
step: 407	0.397461	(0.0787935, 1.48775)
step: 408	0.398438	(0.0791817, 1.48921)
step: 409	0.399414	(0.0795708, 1.49066)
step: 410	0.400391	(0.0799608, 1.49212)
step: 411	0.401367	(0.0803518, 1.49357)
step: 412	0.402344	(0.0807438, 1.49503)
step: 413	0.40332	(0.0811367, 1.49649)
step: 414	0.404297	(0.0815306, 1.49795)
step: 415	0.405273	(0.0819254, 1.49942)
step: 416	0.40625	(0.0823212, 1.50088)
step: 417	0.407227	(0.0827179, 1.50235)
step: 418	0.408203	(0.0831156, 1.50381)
step: 419	0.40918	(0.0835142, 1.50528)
step: 420	0.410156	(0.0839138, 1.50675)
step: 421	0.411133	(0.0843143, 1.50822)
step: 422	0.412109	(0.0847158, 1.5097)
step: 423	0.413086	(0.0851183, 1.51117)
step: 424	0.414063	(0.0855217, 1.51265)
step: 425	0.415039	(0.0859261, 1.51412)
step: 426	0.416016	(0.0863314, 1.5156)
step: 427	0.416992	(0.0867376, 1.51708)
step: 428	0.417969	(0.0871449, 1.51856)
step: 429	0.418945	(0.087553, 1.52005)
step: 430	0.419922	(0.0879622, 1.52153)
step: 431	0.420898	(0.0883722, 1.52302)
step: 432	0.421875	(0.0887833, 1.5245)
step: 433	0.422852	(0.0891953, 1.52599)
step: 434	0.423828	(0.0896082, 1.52748)
step: 435	0.424805	(0.0900221, 1.52897)
step: 436	0.425781	(0.0904369, 1.53047)
step: 437	0.426758	(0.0908527, 1.53196)
step: 438	0.427734	(0.0912695, 1.53346)
step: 439	0.428711	(0.0916872, 1.53496)
step: 440	0.429688	(0.0921059, 1.53646)
step: 441	0.430664	(0.0925255, 1.53796)
step: 442	0.431641	(0.0929461, 1.53946)
step: 443	0.432617	(0.0933676, 1.54096)
step: 444	0.433594	(0.0937901, 1.54247)
step: 445	0.43457	(0.0942135, 1.54397)
step: 446	0.435547	(0.0946379, 1.54548)
step: 447	0.436523	(0.0950632, 1.54699)
step: 448	0.4375	(0.0954895, 1.5485)
step: 449	0.438477	(0.0959167, 1.55001)
step: 450	0.439453	(0.0963449, 1.55153)
step: 451	0.44043	(0.0967741, 1.55304)
step: 452	0.441406	(0.0972042, 1.55456)
step: 453	0.442383	(0.0976353, 1.55608)
step: 454	0.443359	(0.0980673, 1.5576)
step: 455	0.444336	(0.0985003, 1.55912)
step: 456	0.445313	(0.0989342, 1.56064)
step: 457	0.446289	(0.099369, 1.56216)
step: 458	0.447266	(0.0998049, 1.56369)
step: 459	0.448242	(0.100242, 1.56522)
step: 460	0.449219	(0.100679, 1.56674)
step: 461	0.450195	(0.101118, 1.56827)
step: 462	0.451172	(0.101558, 1.56981)
step: 463	0.452148	(0.101998, 1.57134)
step: 464	0.453125	(0.10244, 1.57287)
step: 465	0.454102	(0.102882, 1.57441)
step: 466	0.455078	(0.103326, 1.57595)
step: 467	0.456055	(0.10377, 1.57749)
step: 468	0.457031	(0.104216, 1.57903)
step: 469	0.458008	(0.104662, 1.58057)
step: 470	0.458984	(0.105109, 1.58211)
step: 471	0.459961	(0.105557, 1.58366)
step: 472	0.460938	(0.106007, 1.5852)
step: 473	0.461914	(0.106457, 1.58675)
step: 474	0.462891	(0.106908, 1.5883)
step: 475	0.463867	(0.10736, 1.58985)
step: 476	0.464844	(0.107813, 1.5914)
step: 477	0.46582	(0.108267, 1.59296)
step: 478	0.466797	(0.108722, 1.59451)
step: 479	0.467773	(0.109178, 1.59607)
step: 480	0.46875	(0.109634, 1.59763)
step: 481	0.469727	(0.110092, 1.59919)
step: 482	0.470703	(0.110551, 1.60075)
step: 483	0.47168	(0.111011, 1.60232)
step: 484	0.472656	(0.111471, 1.60388)
step: 485	0.473633	(0.111933, 1.60545)
step: 486	0.474609	(0.112395, 1.60701)
step: 487	0.475586	(0.112859, 1.60858)
step: 488	0.476563	(0.113323, 1.61015)
step: 489	0.477539	(0.113789, 1.61173)
step: 490	0.478516	(0.114255, 1.6133)
step: 491	0.479492	(0.114722, 1.61488)
step: 492	0.480469	(0.115191, 1.61645)
step: 493	0.481445	(0.11566, 1.61803)
step: 494	0.482422	(0.11613, 1.61961)
step: 495	0.483398	(0.116601, 1.62119)
step: 496	0.484375	(0.117073, 1.62278)
step: 497	0.485352	(0.117546, 1.62436)
step: 498	0.486328	(0.11802, 1.62595)
step: 499	0.487305	(0.118495, 1.62754)
step: 500	0.488281	(0.118971, 1.62912)
step: 501	0.489258	(0.119448, 1.63072)
step: 502	0.490234	(0.119925, 1.63231)
step: 503	0.491211	(0.120404, 1.6339)
step: 504	0.492188	(0.120884, 1.6355)
step: 505	0.493164	(0.121365, 1.6371)
step: 506	0.494141	(0.121846, 1.63869)
step: 507	0.495117	(0.122329, 1.64029)
step: 508	0.496094	(0.122812, 1.6419)
step: 509	0.49707	(0.123297, 1.6435)
step: 510	0.498047	(0.123782, 1.6451)
step: 511	0.499023	(0.124269, 1.64671)
step: 512	0.5	(0.124756, 1.64832)
step: 513	0.500977	(0.125244, 1.64993)
step: 514	0.501953	(0.125733, 1.65154)
step: 515	0.50293	(0.126224, 1.65315)
step: 516	0.503906	(0.126715, 1.65477)
step: 517	0.504883	(0.127207, 1.65638)
step: 518	0.505859	(0.1277, 1.658)
step: 519	0.506836	(0.128194, 1.65962)
step: 520	0.507813	(0.128689, 1.66124)
step: 521	0.508789	(0.129185, 1.66286)
step: 522	0.509766	(0.129682, 1.66449)
step: 523	0.510742	(0.130179, 1.66611)
step: 524	0.511719	(0.130678, 1.66774)
step: 525	0.512695	(0.131178, 1.66937)
step: 526	0.513672	(0.131679, 1.671)
step: 527	0.514648	(0.13218, 1.67263)
step: 528	0.515625	(0.132683, 1.67426)
step: 529	0.516602	(0.133186, 1.6759)
step: 530	0.517578	(0.133691, 1.67754)
step: 531	0.518555	(0.134196, 1.67917)
step: 532	0.519531	(0.134703, 1.68081)
step: 533	0.520508	(0.13521, 1.68245)
step: 534	0.521484	(0.135718, 1.6841)
step: 535	0.522461	(0.136228, 1.68574)
step: 536	0.523438	(0.136738, 1.68739)
step: 537	0.524414	(0.137249, 1.68904)
step: 538	0.525391	(0.137761, 1.69069)
step: 539	0.526367	(0.138274, 1.69234)
step: 540	0.527344	(0.138788, 1.69399)
step: 541	0.52832	(0.139303, 1.69564)
step: 542	0.529297	(0.139819, 1.6973)
step: 543	0.530273	(0.140336, 1.69896)
step: 544	0.53125	(0.140854, 1.70062)
step: 545	0.532227	(0.141373, 1.70228)
step: 546	0.533203	(0.141892, 1.70394)
step: 547	0.53418	(0.142413, 1.7056)
step: 548	0.535156	(0.142935, 1.70727)
step: 549	0.536133	(0.143457, 1.70894)
step: 550	0.537109	(0.143981, 1.71061)
step: 551	0.538086	(0.144506, 1.71228)
step: 552	0.539063	(0.145031, 1.71395)
step: 553	0.540039	(0.145557, 1.71562)
step: 554	0.541016	(0.146085, 1.7173)
step: 555	0.541992	(0.146613, 1.71897)
step: 556	0.542969	(0.147142, 1.72065)
step: 557	0.543945	(0.147673, 1.72233)
step: 558	0.544922	(0.148204, 1.72402)
step: 559	0.545898	(0.148736, 1.7257)
step: 560	0.546875	(0.149269, 1.72738)
step: 561	0.547852	(0.149803, 1.72907)
step: 562	0.548828	(0.150338, 1.73076)
step: 563	0.549805	(0.150874, 1.73245)
step: 564	0.550781	(0.151411, 1.73414)
step: 565	0.551758	(0.151949, 1.73584)
step: 566	0.552734	(0.152488, 1.73753)
step: 567	0.553711	(0.153028, 1.73923)
step: 568	0.554688	(0.153568, 1.74093)
step: 569	0.555664	(0.15411, 1.74263)
step: 570	0.556641	(0.154653, 1.74433)
step: 571	0.557617	(0.155196, 1.74603)
step: 572	0.558594	(0.155741, 1.74774)
step: 573	0.55957	(0.156286, 1.74944)
step: 574	0.560547	(0.156833, 1.75115)
step: 575	0.561523	(0.15738, 1.75286)
step: 576	0.5625	(0.157928, 1.75457)
step: 577	0.563477	(0.158478, 1.75629)
step: 578	0.564453	(0.159028, 1.758)
step: 579	0.56543	(0.159579, 1.75972)
step: 580	0.566406	(0.160131, 1.76144)
step: 581	0.567383	(0.160685, 1.76316)
step: 582	0.568359	(0.161239, 1.76488)
step: 583	0.569336	(0.161794, 1.7666)
step: 584	0.570313	(0.16235, 1.76833)
step: 585	0.571289	(0.162907, 1.77005)
step: 586	0.572266	(0.163465, 1.77178)
step: 587	0.573242	(0.164023, 1.77351)
step: 588	0.574219	(0.164583, 1.77525)
step: 589	0.575195	(0.165144, 1.77698)
step: 590	0.576172	(0.165706, 1.77871)
step: 591	0.577148	(0.166268, 1.78045)
step: 592	0.578125	(0.166832, 1.78219)
step: 593	0.579102	(0.167397, 1.78393)
step: 594	0.580078	(0.167962, 1.78567)
step: 595	0.581055	(0.168529, 1.78742)
step: 596	0.582031	(0.169096, 1.78916)
step: 597	0.583008	(0.169664, 1.79091)
step: 598	0.583984	(0.170234, 1.79266)
step: 599	0.584961	(0.170804, 1.79441)
step: 600	0.585938	(0.171375, 1.79616)
step: 601	0.586914	(0.171947, 1.79792)
step: 602	0.587891	(0.172521, 1.79967)
step: 603	0.588867	(0.173095, 1.80143)
step: 604	0.589844	(0.17367, 1.80319)
step: 605	0.59082	(0.174246, 1.80495)
step: 606	0.591797	(0.174823, 1.80671)
step: 607	0.592773	(0.175401, 1.80848)
step: 608	0.59375	(0.17598, 1.81024)
step: 609	0.594727	(0.176559, 1.81201)
step: 610	0.595703	(0.17714, 1.81378)
step: 611	0.59668	(0.177722, 1.81555)
step: 612	0.597656	(0.178305, 1.81732)
step: 613	0.598633	(0.178888, 1.8191)
step: 614	0.599609	(0.179473, 1.82087)
step: 615	0.600586	(0.180058, 1.82265)
step: 616	0.601563	(0.180645, 1.82443)
step: 617	0.602539	(0.181232, 1.82621)
step: 618	0.603516	(0.181821, 1.828)
step: 619	0.604492	(0.18241, 1.82978)
step: 620	0.605469	(0.183001, 1.83157)
step: 621	0.606445	(0.183592, 1.83336)
step: 622	0.607422	(0.184184, 1.83515)
step: 623	0.608398	(0.184777, 1.83694)
step: 624	0.609375	(0.185371, 1.83873)
step: 625	0.610352	(0.185966, 1.84053)
step: 626	0.611328	(0.186563, 1.84233)
step: 627	0.612305	(0.18716, 1.84413)
step: 628	0.613281	(0.187757, 1.84593)
step: 629	0.614258	(0.188356, 1.84773)
step: 630	0.615234	(0.188956, 1.84953)
step: 631	0.616211	(0.189557, 1.85134)
step: 632	0.617188	(0.190159, 1.85315)
step: 633	0.618164	(0.190762, 1.85496)
step: 634	0.619141	(0.191365, 1.85677)
step: 635	0.620117	(0.19197, 1.85858)
step: 636	0.621094	(0.192575, 1.8604)
step: 637	0.62207	(0.193182, 1.86222)
step: 638	0.623047	(0.193789, 1.86403)
step: 639	0.624023	(0.194398, 1.86585)
step: 640	0.625	(0.195007, 1.86768)
step: 641	0.625977	(0.195618, 1.8695)
step: 642	0.626953	(0.196229, 1.87133)
step: 643	0.62793	(0.196841, 1.87315)
step: 644	0.628906	(0.197454, 1.87498)
step: 645	0.629883	(0.198069, 1.87681)
step: 646	0.630859	(0.198684, 1.87865)
step: 647	0.631836	(0.1993, 1.88048)
step: 648	0.632813	(0.199917, 1.88232)
step: 649	0.633789	(0.200535, 1.88416)
step: 650	0.634766	(0.201154, 1.886)
step: 651	0.635742	(0.201774, 1.88784)
step: 652	0.636719	(0.202394, 1.88968)
step: 653	0.637695	(0.203016, 1.89153)
step: 654	0.638672	(0.203639, 1.89337)
step: 655	0.639648	(0.204263, 1.89522)
step: 656	0.640625	(0.204887, 1.89707)
step: 657	0.641602	(0.205513, 1.89893)
step: 658	0.642578	(0.20614, 1.90078)
step: 659	0.643555	(0.206767, 1.90264)
step: 660	0.644531	(0.207396, 1.90449)
step: 661	0.645508	(0.208025, 1.90635)
step: 662	0.646484	(0.208655, 1.90822)
step: 663	0.647461	(0.209287, 1.91008)
step: 664	0.648438	(0.209919, 1.91195)
step: 665	0.649414	(0.210552, 1.91381)
step: 666	0.650391	(0.211186, 1.91568)
step: 667	0.651367	(0.211822, 1.91755)
step: 668	0.652344	(0.212458, 1.91942)
step: 669	0.65332	(0.213095, 1.9213)
step: 670	0.654297	(0.213733, 1.92318)
step: 671	0.655273	(0.214372, 1.92505)
step: 672	0.65625	(0.215012, 1.92693)
step: 673	0.657227	(0.215652, 1.92882)
step: 674	0.658203	(0.216294, 1.9307)
step: 675	0.65918	(0.216937, 1.93258)
step: 676	0.660156	(0.217581, 1.93447)
step: 677	0.661133	(0.218225, 1.93636)
step: 678	0.662109	(0.218871, 1.93825)
step: 679	0.663086	(0.219518, 1.94014)
step: 680	0.664063	(0.220165, 1.94204)
step: 681	0.665039	(0.220814, 1.94394)
step: 682	0.666016	(0.221463, 1.94583)
step: 683	0.666992	(0.222114, 1.94773)
step: 684	0.667969	(0.222765, 1.94964)
step: 685	0.668945	(0.223417, 1.95154)
step: 686	0.669922	(0.224071, 1.95345)
step: 687	0.670898	(0.224725, 1.95535)
step: 688	0.671875	(0.22538, 1.95726)
step: 689	0.672852	(0.226036, 1.95917)
step: 690	0.673828	(0.226693, 1.96109)
step: 691	0.674805	(0.227351, 1.963)
step: 692	0.675781	(0.22801, 1.96492)
step: 693	0.676758	(0.22867, 1.96684)
step: 694	0.677734	(0.229331, 1.96876)
step: 695	0.678711	(0.229993, 1.97068)
step: 696	0.679688	(0.230656, 1.97261)
step: 697	0.680664	(0.231319, 1.97453)
step: 698	0.681641	(0.231984, 1.97646)
step: 699	0.682617	(0.23265, 1.97839)
step: 700	0.683594	(0.233316, 1.98032)
step: 701	0.68457	(0.233984, 1.98226)
step: 702	0.685547	(0.234653, 1.98419)
step: 703	0.686523	(0.235322, 1.98613)
step: 704	0.6875	(0.235992, 1.98807)
step: 705	0.688477	(0.236664, 1.99001)
step: 706	0.689453	(0.237336, 1.99196)
step: 707	0.69043	(0.238009, 1.9939)
step: 708	0.691406	(0.238684, 1.99585)
step: 709	0.692383	(0.239359, 1.9978)
step: 710	0.693359	(0.240035, 1.99975)
step: 711	0.694336	(0.240712, 2.0017)
step: 712	0.695313	(0.24139, 2.00366)
step: 713	0.696289	(0.242069, 2.00561)
step: 714	0.697266	(0.242749, 2.00757)
step: 715	0.698242	(0.24343, 2.00953)
step: 716	0.699219	(0.244112, 2.01149)
step: 717	0.700195	(0.244795, 2.01346)
step: 718	0.701172	(0.245479, 2.01542)
step: 719	0.702148	(0.246163, 2.01739)
step: 720	0.703125	(0.246849, 2.01936)
step: 721	0.704102	(0.247536, 2.02133)
step: 722	0.705078	(0.248223, 2.02331)
step: 723	0.706055	(0.248912, 2.02528)
step: 724	0.707031	(0.249601, 2.02726)
step: 725	0.708008	(0.250292, 2.02924)
step: 726	0.708984	(0.250983, 2.03122)
step: 727	0.709961	(0.251676, 2.03321)
step: 728	0.710938	(0.252369, 2.03519)
step: 729	0.711914	(0.253063, 2.03718)
step: 730	0.712891	(0.253758, 2.03917)
step: 731	0.713867	(0.254455, 2.04116)
step: 732	0.714844	(0.255152, 2.04315)
step: 733	0.71582	(0.25585, 2.04515)
step: 734	0.716797	(0.256549, 2.04715)
step: 735	0.717773	(0.257249, 2.04915)
step: 736	0.71875	(0.25795, 2.05115)
step: 737	0.719727	(0.258652, 2.05315)
step: 738	0.720703	(0.259355, 2.05516)
step: 739	0.72168	(0.260058, 2.05716)
step: 740	0.722656	(0.260763, 2.05917)
step: 741	0.723633	(0.261469, 2.06118)
step: 742	0.724609	(0.262176, 2.0632)
step: 743	0.725586	(0.262883, 2.06521)
step: 744	0.726563	(0.263592, 2.06723)
step: 745	0.727539	(0.264301, 2.06925)
step: 746	0.728516	(0.265012, 2.07127)
step: 747	0.729492	(0.265723, 2.07329)
step: 748	0.730469	(0.266436, 2.07531)
step: 749	0.731445	(0.267149, 2.07734)
step: 750	0.732422	(0.267863, 2.07937)
step: 751	0.733398	(0.268579, 2.0814)
step: 752	0.734375	(0.269295, 2.08343)
step: 753	0.735352	(0.270012, 2.08547)
step: 754	0.736328	(0.27073, 2.0875)
step: 755	0.737305	(0.271449, 2.08954)
step: 756	0.738281	(0.272169, 2.09158)
step: 757	0.739258	(0.27289, 2.09363)
step: 758	0.740234	(0.273612, 2.09567)
step: 759	0.741211	(0.274335, 2.09772)
step: 760	0.742188	(0.275059, 2.09976)
step: 761	0.743164	(0.275784, 2.10182)
step: 762	0.744141	(0.276509, 2.10387)
step: 763	0.745117	(0.277236, 2.10592)
step: 764	0.746094	(0.277964, 2.10798)
step: 765	0.74707	(0.278692, 2.11004)
step: 766	0.748047	(0.279422, 2.1121)
step: 767	0.749023	(0.280152, 2.11416)
step: 768	0.75	(0.280884, 2.11623)
step: 769	0.750977	(0.281616, 2.11829)
step: 770	0.751953	(0.28235, 2.12036)
step: 771	0.75293	(0.283084, 2.12243)
step: 772	0.753906	(0.283819, 2.1245)
step: 773	0.754883	(0.284555, 2.12658)
step: 774	0.755859	(0.285293, 2.12866)
step: 775	0.756836	(0.286031, 2.13073)
step: 776	0.757813	(0.28677, 2.13282)
step: 777	0.758789	(0.28751, 2.1349)
step: 778	0.759766	(0.288251, 2.13698)
step: 779	0.760742	(0.288993, 2.13907)
step: 780	0.761719	(0.289736, 2.14116)
step: 781	0.762695	(0.29048, 2.14325)
step: 782	0.763672	(0.291224, 2.14534)
step: 783	0.764648	(0.29197, 2.14744)
step: 784	0.765625	(0.292717, 2.14953)
step: 785	0.766602	(0.293465, 2.15163)
step: 786	0.767578	(0.294213, 2.15374)
step: 787	0.768555	(0.294963, 2.15584)
step: 788	0.769531	(0.295713, 2.15794)
step: 789	0.770508	(0.296465, 2.16005)
step: 790	0.771484	(0.297217, 2.16216)
step: 791	0.772461	(0.297971, 2.16427)
step: 792	0.773438	(0.298725, 2.16639)
step: 793	0.774414	(0.29948, 2.1685)
step: 794	0.775391	(0.300237, 2.17062)
step: 795	0.776367	(0.300994, 2.17274)
step: 796	0.777344	(0.301752, 2.17486)
step: 797	0.77832	(0.302511, 2.17698)
step: 798	0.779297	(0.303271, 2.17911)
step: 799	0.780273	(0.304032, 2.18124)
step: 800	0.78125	(0.304794, 2.18337)
step: 801	0.782227	(0.305557, 2.1855)
step: 802	0.783203	(0.306321, 2.18763)
step: 803	0.78418	(0.307086, 2.18977)
step: 804	0.785156	(0.307852, 2.19191)
step: 805	0.786133	(0.308619, 2.19405)
step: 806	0.787109	(0.309386, 2.19619)
step: 807	0.788086	(0.310155, 2.19834)
step: 808	0.789063	(0.310925, 2.20048)
step: 809	0.790039	(0.311695, 2.20263)
step: 810	0.791016	(0.312467, 2.20478)
step: 811	0.791992	(0.313239, 2.20694)
step: 812	0.792969	(0.314013, 2.20909)
step: 813	0.793945	(0.314787, 2.21125)
step: 814	0.794922	(0.315562, 2.21341)
step: 815	0.795898	(0.316339, 2.21557)
step: 816	0.796875	(0.317116, 2.21773)
step: 817	0.797852	(0.317894, 2.2199)
step: 818	0.798828	(0.318673, 2.22207)
step: 819	0.799805	(0.319453, 2.22424)
step: 820	0.800781	(0.320234, 2.22641)
step: 821	0.801758	(0.321016, 2.22858)
step: 822	0.802734	(0.321799, 2.23076)
step: 823	0.803711	(0.322583, 2.23294)
step: 824	0.804688	(0.323368, 2.23512)
step: 825	0.805664	(0.324154, 2.2373)
step: 826	0.806641	(0.324941, 2.23949)
step: 827	0.807617	(0.325728, 2.24167)
step: 828	0.808594	(0.326517, 2.24386)
step: 829	0.80957	(0.327307, 2.24605)
step: 830	0.810547	(0.328097, 2.24825)
step: 831	0.811523	(0.328889, 2.25044)
step: 832	0.8125	(0.329681, 2.25264)
step: 833	0.813477	(0.330475, 2.25484)
step: 834	0.814453	(0.331269, 2.25704)
step: 835	0.81543	(0.332065, 2.25925)
step: 836	0.816406	(0.332861, 2.26145)
step: 837	0.817383	(0.333658, 2.26366)
step: 838	0.818359	(0.334456, 2.26587)
step: 839	0.819336	(0.335256, 2.26809)
step: 840	0.820313	(0.336056, 2.2703)
step: 841	0.821289	(0.336857, 2.27252)
step: 842	0.822266	(0.337659, 2.27474)
step: 843	0.823242	(0.338462, 2.27696)
step: 844	0.824219	(0.339266, 2.27918)
step: 845	0.825195	(0.340071, 2.28141)
step: 846	0.826172	(0.340877, 2.28364)
step: 847	0.827148	(0.341683, 2.28587)
step: 848	0.828125	(0.342491, 2.2881)
step: 849	0.829102	(0.3433, 2.29033)
step: 850	0.830078	(0.34411, 2.29257)
step: 851	0.831055	(0.34492, 2.29481)
step: 852	0.832031	(0.345732, 2.29705)
step: 853	0.833008	(0.346544, 2.29929)
step: 854	0.833984	(0.347358, 2.30154)
step: 855	0.834961	(0.348172, 2.30379)
step: 856	0.835938	(0.348988, 2.30603)
step: 857	0.836914	(0.349804, 2.30829)
step: 858	0.837891	(0.350621, 2.31054)
step: 859	0.838867	(0.351439, 2.3128)
step: 860	0.839844	(0.352259, 2.31506)
step: 861	0.84082	(0.353079, 2.31732)
step: 862	0.841797	(0.3539, 2.31958)
step: 863	0.842773	(0.354722, 2.32185)
step: 864	0.84375	(0.355545, 2.32411)
step: 865	0.844727	(0.356369, 2.32638)
step: 866	0.845703	(0.357194, 2.32865)
step: 867	0.84668	(0.35802, 2.33093)
step: 868	0.847656	(0.358847, 2.3332)
step: 869	0.848633	(0.359674, 2.33548)
step: 870	0.849609	(0.360503, 2.33776)
step: 871	0.850586	(0.361333, 2.34005)
step: 872	0.851563	(0.362164, 2.34233)
step: 873	0.852539	(0.362995, 2.34462)
step: 874	0.853516	(0.363828, 2.34691)
step: 875	0.854492	(0.364661, 2.3492)
step: 876	0.855469	(0.365496, 2.3515)
step: 877	0.856445	(0.366331, 2.35379)
step: 878	0.857422	(0.367167, 2.35609)
step: 879	0.858398	(0.368005, 2.35839)
step: 880	0.859375	(0.368843, 2.36069)
step: 881	0.860352	(0.369682, 2.363)
step: 882	0.861328	(0.370522, 2.36531)
step: 883	0.862305	(0.371364, 2.36762)
step: 884	0.863281	(0.372206, 2.36993)
step: 885	0.864258	(0.373049, 2.37224)
step: 886	0.865234	(0.373893, 2.37456)
step: 887	0.866211	(0.374738, 2.37688)
step: 888	0.867188	(0.375584, 2.3792)
step: 889	0.868164	(0.376431, 2.38152)
step: 890	0.869141	(0.377278, 2.38385)
step: 891	0.870117	(0.378127, 2.38618)
step: 892	0.871094	(0.378977, 2.38851)
step: 893	0.87207	(0.379827, 2.39084)
step: 894	0.873047	(0.380679, 2.39317)
step: 895	0.874023	(0.381532, 2.39551)
step: 896	0.875	(0.382385, 2.39785)
step: 897	0.875977	(0.38324, 2.40019)
step: 898	0.876953	(0.384095, 2.40254)
step: 899	0.87793	(0.384952, 2.40488)
step: 900	0.878906	(0.385809, 2.40723)
step: 901	0.879883	(0.386667, 2.40958)
step: 902	0.880859	(0.387527, 2.41194)
step: 903	0.881836	(0.388387, 2.41429)
step: 904	0.882813	(0.389248, 2.41665)
step: 905	0.883789	(0.39011, 2.41901)
step: 906	0.884766	(0.390973, 2.42137)
step: 907	0.885742	(0.391837, 2.42374)
step: 908	0.886719	(0.392702, 2.4261)
step: 909	0.887695	(0.393568, 2.42847)
step: 910	0.888672	(0.394435, 2.43084)
step: 911	0.889648	(0.395303, 2.43322)
step: 912	0.890625	(0.396172, 2.43559)
step: 913	0.891602	(0.397041, 2.43797)
step: 914	0.892578	(0.397912, 2.44035)
step: 915	0.893555	(0.398784, 2.44274)
step: 916	0.894531	(0.399656, 2.44512)
step: 917	0.895508	(0.40053, 2.44751)
step: 918	0.896484	(0.401404, 2.4499)
step: 919	0.897461	(0.40228, 2.45229)
step: 920	0.898438	(0.403156, 2.45469)
step: 921	0.899414	(0.404034, 2.45708)
step: 922	0.900391	(0.404912, 2.45948)
step: 923	0.901367	(0.405791, 2.46189)
step: 924	0.902344	(0.406672, 2.46429)
step: 925	0.90332	(0.407553, 2.4667)
step: 926	0.904297	(0.408435, 2.4691)
step: 927	0.905273	(0.409318, 2.47152)
step: 928	0.90625	(0.410202, 2.47393)
step: 929	0.907227	(0.411087, 2.47635)
step: 930	0.908203	(0.411973, 2.47876)
step: 931	0.90918	(0.41286, 2.48118)
step: 932	0.910156	(0.413748, 2.48361)
step: 933	0.911133	(0.414637, 2.48603)
step: 934	0.912109	(0.415526, 2.48846)
step: 935	0.913086	(0.416417, 2.49089)
step: 936	0.914063	(0.417309, 2.49332)
step: 937	0.915039	(0.418201, 2.49576)
step: 938	0.916016	(0.419095, 2.4982)
step: 939	0.916992	(0.41999, 2.50064)
step: 940	0.917969	(0.420885, 2.50308)
step: 941	0.918945	(0.421782, 2.50552)
step: 942	0.919922	(0.422679, 2.50797)
step: 943	0.920898	(0.423577, 2.51042)
step: 944	0.921875	(0.424477, 2.51287)
step: 945	0.922852	(0.425377, 2.51532)
step: 946	0.923828	(0.426278, 2.51778)
step: 947	0.924805	(0.42718, 2.52024)
step: 948	0.925781	(0.428083, 2.5227)
step: 949	0.926758	(0.428988, 2.52516)
step: 950	0.927734	(0.429893, 2.52763)
step: 951	0.928711	(0.430799, 2.5301)
step: 952	0.929688	(0.431705, 2.53257)
step: 953	0.930664	(0.432613, 2.53504)
step: 954	0.931641	(0.433522, 2.53752)
step: 955	0.932617	(0.434432, 2.53999)
step: 956	0.933594	(0.435343, 2.54248)
step: 957	0.93457	(0.436255, 2.54496)
step: 958	0.935547	(0.437167, 2.54744)
step: 959	0.936523	(0.438081, 2.54993)
step: 960	0.9375	(0.438995, 2.55242)
step: 961	0.938477	(0.439911, 2.55491)
step: 962	0.939453	(0.440827, 2.55741)
step: 963	0.94043	(0.441745, 2.55991)
step: 964	0.941406	(0.442663, 2.56241)
step: 965	0.942383	(0.443583, 2.56491)
step: 966	0.943359	(0.444503, 2.56741)
step: 967	0.944336	(0.445424, 2.56992)
step: 968	0.945313	(0.446346, 2.57243)
step: 969	0.946289	(0.447269, 2.57494)
step: 970	0.947266	(0.448194, 2.57746)
step: 971	0.948242	(0.449119, 2.57997)
step: 972	0.949219	(0.450045, 2.58249)
step: 973	0.950195	(0.450972, 2.58502)
step: 974	0.951172	(0.4519, 2.58754)
step: 975	0.952148	(0.452828, 2.59007)
step: 976	0.953125	(0.453758, 2.5926)
step: 977	0.954102	(0.454689, 2.59513)
step: 978	0.955078	(0.455621, 2.59766)
step: 979	0.956055	(0.456553, 2.6002)
step: 980	0.957031	(0.457487, 2.60274)
step: 981	0.958008	(0.458422, 2.60528)
step: 982	0.958984	(0.459357, 2.60782)
step: 983	0.959961	(0.460294, 2.61037)
step: 984	0.960938	(0.461231, 2.61292)
step: 985	0.961914	(0.46217, 2.61547)
step: 986	0.962891	(0.463109, 2.61803)
step: 987	0.963867	(0.464049, 2.62058)
step: 988	0.964844	(0.464991, 2.62314)
step: 989	0.96582	(0.465933, 2.6257)
step: 990	0.966797	(0.466876, 2.62827)
step: 991	0.967773	(0.46782, 2.63083)
step: 992	0.96875	(0.468765, 2.6334)
step: 993	0.969727	(0.469711, 2.63598)
step: 994	0.970703	(0.470658, 2.63855)
step: 995	0.97168	(0.471606, 2.64113)
step: 996	0.972656	(0.472555, 2.64371)
step: 997	0.973633	(0.473505, 2.64629)
step: 998	0.974609	(0.474456, 2.64887)
step: 999	0.975586	(0.475408, 2.65146)
step: 1000	0.976563	(0.47636, 2.65405)
step: 1001	0.977539	(0.477314, 2.65664)
step: 1002	0.978516	(0.478269, 2.65923)
step: 1003	0.979492	(0.479224, 2.66183)
step: 1004	0.980469	(0.480181, 2.66443)
step: 1005	0.981445	(0.481138, 2.66703)
step: 1006	0.982422	(0.482097, 2.66964)
step: 1007	0.983398	(0.483056, 2.67224)
step: 1008	0.984375	(0.484016, 2.67485)
step: 1009	0.985352	(0.484978, 2.67747)
step: 1010	0.986328	(0.48594, 2.68008)
step: 1011	0.987305	(0.486903, 2.6827)
step: 1012	0.988281	(0.487867, 2.68532)
step: 1013	0.989258	(0.488832, 2.68794)
step: 1014	0.990234	(0.489799, 2.69056)
step: 1015	0.991211	(0.490766, 2.69319)
step: 1016	0.992188	(0.491734, 2.69582)
step: 1017	0.993164	(0.492702, 2.69846)
step: 1018	0.994141	(0.493672, 2.70109)
step: 1019	0.995117	(0.494643, 2.70373)
step: 1020	0.996094	(0.495615, 2.70637)
step: 1021	0.99707	(0.496588, 2.70901)
step: 1022	0.998047	(0.497561, 2.71166)
step: 1023	0.999023	(0.498536, 2.71431)
step: 1024	1	(0.499512, 2.71696)
