step: 0	0	(0, 1)
step: 1	0.025	(0, 1.025)
step: 2	0.05	(0.000625, 1.05062)
step: 3	0.075	(0.001875, 1.07689)
step: 4	0.1	(0.00375, 1.10381)
step: 5	0.125	(0.00625, 1.13141)
step: 6	0.15	(0.009375, 1.15969)
step: 7	0.175	(0.013125, 1.18869)
step: 8	0.2	(0.0175, 1.2184)
step: 9	0.225	(0.0225, 1.24886)
step: 10	0.25	(0.028125, 1.28008)
step: 11	0.275	(0.034375, 1.31209)
step: 12	0.3	(0.04125, 1.34489)
step: 13	0.325	(0.04875, 1.37851)
step: 14	0.35	(0.056875, 1.41297)
step: 15	0.375	(0.065625, 1.4483)
step: 16	0.4	(0.075, 1.48451)
step: 17	0.425	(0.085, 1.52162)
step: 18	0.45	(0.095625, 1.55966)
step: 19	0.475	(0.106875, 1.59865)
step: 20	0.5	(0.11875, 1.63862)
step: 21	0.525	(0.13125, 1.67958)
step: 22	0.55	(0.144375, 1.72157)
step: 23	0.575	(0.158125, 1.76461)
step: 24	0.6	(0.1725, 1.80873)
step: 25	0.625	(0.1875, 1.85394)
step: 26	0.65	(0.203125, 1.90029)
step: 27	0.675	(0.219375, 1.9478)
step: 28	0.7	(0.23625, 1.9965)
step: 29	0.725	(0.25375, 2.04641)
step: 30	0.75	(0.271875, 2.09757)
step: 31	0.775	(0.290625, 2.15001)
step: 32	0.8	(0.31, 2.20376)
step: 33	0.825	(0.33, 2.25885)
step: 34	0.85	(0.350625, 2.31532)
step: 35	0.875	(0.371875, 2.37321)
step: 36	0.9	(0.39375, 2.43254)
step: 37	0.925	(0.41625, 2.49335)
step: 38	0.95	(0.439375, 2.55568)
step: 40	1	(0.463125, 2.61957)
