step: 0	0	(0, 1)
step: 1	0.0588235	(0, 1.05882)
step: 2	0.117647	(0.00346021, 1.12111)
step: 3	0.176471	(0.0103806, 1.18705)
step: 4	0.235294	(0.0207612, 1.25688)
step: 5	0.294118	(0.0346021, 1.33082)
step: 6	0.352941	(0.0519031, 1.4091)
step: 7	0.411765	(0.0726644, 1.49199)
step: 8	0.470588	(0.0968858, 1.57975)
step: 9	0.529412	(0.124567, 1.67268)
step: 10	0.588235	(0.155709, 1.77107)
step: 11	0.647059	(0.190311, 1.87525)
step: 12	0.705882	(0.228374, 1.98556)
step: 13	0.764706	(0.269896, 2.10236)
step: 14	0.823529	(0.314879, 2.22603)
step: 15	0.882353	(0.363322, 2.35697)
step: 16	0.941176	(0.415225, 2.49561)
step: 17	1	(0.470588, 2.64241)
