step: 0	0	(0, 1)
step: 1	0.05	(0, 1.05)
step: 2	0.1	(0.0025, 1.1025)
step: 3	0.15	(0.0075, 1.15763)
step: 4	0.2	(0.015, 1.21551)
step: 5	0.25	(0.025, 1.27628)
step: 6	0.3	(0.0375, 1.3401)
step: 7	0.35	(0.0525, 1.4071)
step: 8	0.4	(0.07, 1.47746)
step: 9	0.45	(0.09, 1.55133)
step: 10	0.5	(0.1125, 1.62889)
step: 11	0.55	(0.1375, 1.71034)
step: 12	0.6	(0.165, 1.79586)
step: 13	0.65	(0.195, 1.88565)
step: 14	0.7	(0.2275, 1.97993)
step: 15	0.75	(0.2625, 2.07893)
step: 16	0.8	(0.3, 2.18287)
step: 17	0.85	(0.34, 2.29202)
step: 18	0.9	(0.3825, 2.40662)
step: 20	1	(0.4275, 2.52695)
