step: 0	0	(0, 1)
step: 1	0.0714286	(0, 1.07143)
step: 2	0.142857	(0.00510204, 1.14796)
step: 3	0.214286	(0.0153061, 1.22996)
step: 4	0.285714	(0.0306122, 1.31781)
step: 5	0.357143	(0.0510204, 1.41194)
step: 6	0.428571	(0.0765306, 1.51279)
step: 7	0.5	(0.107143, 1.62085)
step: 8	0.571429	(0.142857, 1.73662)
step: 9	0.642857	(0.183673, 1.86067)
step: 10	0.714286	(0.229592, 1.99357)
step: 11	0.785714	(0.280612, 2.13597)
step: 12	0.857143	(0.336735, 2.28854)
step: 13	0.928571	(0.397959, 2.45201)
step: 14	1	(0.464286, 2.62715)
