step: 0	0	(0, 1)
step: 1	0.00078125	(0, 1.00078)
step: 2	0.0015625	(6.10352e-07, 1.00156)
step: 3	0.00234375	(1.83105e-06, 1.00235)
step: 4	0.003125	(3.66211e-06, 1.00313)
step: 5	0.00390625	(6.10352e-06, 1.00391)
step: 6	0.0046875	(9.15527e-06, 1.0047)
step: 7	0.00546875	(1.28174e-05, 1.00548)
step: 8	0.00625	(1.70898e-05, 1.00627)
step: 9	0.00703125	(2.19727e-05, 1.00705)
step: 10	0.0078125	(2.74658e-05, 1.00784)
step: 11	0.00859375	(3.35693e-05, 1.00863)
step: 12	0.009375	(4.02832e-05, 1.00942)
step: 13	0.0101563	(4.76074e-05, 1.0102)
step: 14	0.0109375	(5.5542e-05, 1.01099)
step: 15	0.0117188	(6.40869e-05, 1.01178)
step: 16	0.0125	(7.32422e-05, 1.01257)
step: 17	0.0132813	(8.30078e-05, 1.01336)
step: 18	0.0140625	(9.33838e-05, 1.01416)
step: 19	0.0148438	(0.00010437, 1.01495)
step: 20	0.015625	(0.000115967, 1.01574)
step: 21	0.0164063	(0.000128174, 1.01654)
step: 22	0.0171875	(0.000140991, 1.01733)
step: 23	0.0179688	(0.000154419, 1.01812)
step: 24	0.01875	(0.000168457, 1.01892)
step: 25	0.0195313	(0.000183105, 1.01972)
step: 26	0.0203125	(0.000198364, 1.02051)
step: 27	0.0210938	(0.000214233, 1.02131)
step: 28	0.021875	(0.000230713, 1.02211)
step: 29	0.0226563	(0.000247803, 1.02291)
step: 30	0.0234375	(0.000265503, 1.0237)
step: 31	0.0242188	(0.000283813, 1.0245)
step: 32	0.025	(0.000302734, 1.02531)
step: 33	0.0257813	(0.000322266, 1.02611)
step: 34	0.0265625	(0.000342407, 1.02691)
step: 35	0.0273438	(0.000363159, 1.02771)
step: 36	0.028125	(0.000384521, 1.02851)
step: 37	0.0289063	(0.000406494, 1.02932)
step: 38	0.0296875	(0.000429077, 1.03012)
step: 39	0.0304688	(0.000452271, 1.03093)
step: 40	0.03125	(0.000476074, 1.03173)
step: 41	0.0320313	(0.000500488, 1.03254)
step: 42	0.0328125	(0.000525513, 1.03334)
step: 43	0.0335937	(0.000551147, 1.03415)
step: 44	0.034375	(0.000577393, 1.03496)
step: 45	0.0351563	(0.000604248, 1.03577)
step: 46	0.0359375	(0.000631714, 1.03658)
step: 47	0.0367188	(0.00065979, 1.03739)
step: 48	0.0375	(0.000688477, 1.0382)
step: 49	0.0382813	(0.000717773, 1.03901)
step: 50	0.0390625	(0.000747681, 1.03982)
step: 51	0.0398438	(0.000778198, 1.04063)
step: 52	0.040625	(0.000809326, 1.04144)
step: 53	0.0414063	(0.000841064, 1.04226)
step: 54	0.0421875	(0.000873413, 1.04307)
step: 55	0.0429688	(0.000906372, 1.04389)
step: 56	0.04375	(0.000939941, 1.0447)
step: 57	0.0445313	(0.000974121, 1.04552)
step: 58	0.0453125	(0.00100891, 1.04634)
step: 59	0.0460938	(0.00104431, 1.04715)
step: 60	0.046875	(0.00108032, 1.04797)
step: 61	0.0476563	(0.00111694, 1.04879)
step: 62	0.0484375	(0.00115417, 1.04961)
step: 63	0.0492188	(0.00119202, 1.05043)
step: 64	0.05	(0.00123047, 1.05125)
step: 65	0.0507813	(0.00126953, 1.05207)
step: 66	0.0515625	(0.0013092, 1.05289)
step: 67	0.0523438	(0.00134949, 1.05372)
step: 68	0.053125	(0.00139038, 1.05454)
step: 69	0.0539063	(0.00143188, 1.05536)
step: 70	0.0546875	(0.001474, 1.05619)
step: 71	0.0554688	(0.00151672, 1.05701)
step: 72	0.05625	(0.00156006, 1.05784)
step: 73	0.0570313	(0.001604, 1.05867)
step: 74	0.0578125	(0.00164856, 1.05949)
step: 75	0.0585938	(0.00169373, 1.06032)
step: 76	0.059375	(0.0017395, 1.06115)
step: 77	0.0601563	(0.00178589, 1.06198)
step: 78	0.0609375	(0.00183289, 1.06281)
step: 79	0.0617188	(0.00188049, 1.06364)
step: 80	0.0625	(0.00192871, 1.06447)
step: 81	0.0632812	(0.00197754, 1.0653)
step: 82	0.0640625	(0.00202698, 1.06613)
step: 83	0.0648438	(0.00207703, 1.06697)
step: 84	0.065625	(0.00212769, 1.0678)
step: 85	0.0664063	(0.00217896, 1.06863)
step: 86	0.0671875	(0.00223083, 1.06947)
step: 87	0.0679688	(0.00228333, 1.0703)
step: 88	0.06875	(0.00233643, 1.07114)
step: 89	0.0695313	(0.00239014, 1.07198)
step: 90	0.0703125	(0.00244446, 1.07281)
step: 91	0.0710937	(0.00249939, 1.07365)
step: 92	0.071875	(0.00255493, 1.07449)
step: 93	0.0726563	(0.00261108, 1.07533)
step: 94	0.0734375	(0.00266785, 1.07617)
step: 95	0.0742188	(0.00272522, 1.07701)
step: 96	0.075	(0.0027832, 1.07785)
step: 97	0.0757813	(0.0028418, 1.07869)
step: 98	0.0765625	(0.002901, 1.07954)
step: 99	0.0773438	(0.00296082, 1.08038)
step: 100	0.078125	(0.00302124, 1.08122)
step: 101	0.0789063	(0.00308228, 1.08207)
step: 102	0.0796875	(0.00314392, 1.08291)
step: 103	0.0804688	(0.00320618, 1.08376)
step: 104	0.08125	(0.00326904, 1.08461)
step: 105	0.0820313	(0.00333252, 1.08545)
step: 106	0.0828125	(0.00339661, 1.0863)
step: 107	0.0835938	(0.0034613, 1.08715)
step: 108	0.084375	(0.00352661, 1.088)
step: 109	0.0851563	(0.00359253, 1.08885)
step: 110	0.0859375	(0.00365906, 1.0897)
step: 111	0.0867188	(0.0037262, 1.09055)
step: 112	0.0875	(0.00379395, 1.0914)
step: 113	0.0882813	(0.0038623, 1.09226)
step: 114	0.0890625	(0.00393127, 1.09311)
step: 115	0.0898438	(0.00400085, 1.09396)
step: 116	0.090625	(0.00407104, 1.09482)
step: 117	0.0914063	(0.00414185, 1.09567)
step: 118	0.0921875	(0.00421326, 1.09653)
step: 119	0.0929688	(0.00428528, 1.09739)
step: 120	0.09375	(0.00435791, 1.09824)
step: 121	0.0945313	(0.00443115, 1.0991)
step: 122	0.0953125	(0.004505, 1.09996)
step: 123	0.0960938	(0.00457947, 1.10082)
step: 124	0.096875	(0.00465454, 1.10168)
step: 125	0.0976563	(0.00473022, 1.10254)
step: 126	0.0984375	(0.00480652, 1.1034)
step: 127	0.0992188	(0.00488342, 1.10427)
step: 128	0.1	(0.00496094, 1.10513)
step: 129	0.100781	(0.00503906, 1.10599)
step: 130	0.101563	(0.0051178, 1.10686)
step: 131	0.102344	(0.00519714, 1.10772)
step: 132	0.103125	(0.0052771, 1.10859)
step: 133	0.103906	(0.00535767, 1.10945)
step: 134	0.104688	(0.00543884, 1.11032)
step: 135	0.105469	(0.00552063, 1.11119)
step: 136	0.10625	(0.00560303, 1.11205)
step: 137	0.107031	(0.00568604, 1.11292)
step: 138	0.107813	(0.00576965, 1.11379)
step: 139	0.108594	(0.00585388, 1.11466)
step: 140	0.109375	(0.00593872, 1.11553)
step: 141	0.110156	(0.00602417, 1.1164)
step: 142	0.110938	(0.00611023, 1.11728)
step: 143	0.111719	(0.0061969, 1.11815)
step: 144	0.1125	(0.00628418, 1.11902)
step: 145	0.113281	(0.00637207, 1.1199)
step: 146	0.114063	(0.00646057, 1.12077)
step: 147	0.114844	(0.00654968, 1.12165)
step: 148	0.115625	(0.0066394, 1.12252)
step: 149	0.116406	(0.00672974, 1.1234)
step: 150	0.117188	(0.00682068, 1.12428)
step: 151	0.117969	(0.00691223, 1.12516)
step: 152	0.11875	(0.00700439, 1.12604)
step: 153	0.119531	(0.00709717, 1.12692)
step: 154	0.120313	(0.00719055, 1.1278)
step: 155	0.121094	(0.00728455, 1.12868)
step: 156	0.121875	(0.00737915, 1.12956)
step: 157	0.122656	(0.00747437, 1.13044)
step: 158	0.123438	(0.00757019, 1.13132)
step: 159	0.124219	(0.00766663, 1.13221)
step: 160	0.125	(0.00776367, 1.13309)
step: 161	0.125781	(0.00786133, 1.13398)
step: 162	0.126562	(0.00795959, 1.13486)
step: 163	0.127344	(0.00805847, 1.13575)
step: 164	0.128125	(0.00815796, 1.13664)
step: 165	0.128906	(0.00825806, 1.13753)
step: 166	0.129688	(0.00835876, 1.13841)
step: 167	0.130469	(0.00846008, 1.1393)
step: 168	0.13125	(0.00856201, 1.14019)
step: 169	0.132031	(0.00866455, 1.14109)
step: 170	0.132813	(0.0087677, 1.14198)
step: 171	0.133594	(0.00887146, 1.14287)
step: 172	0.134375	(0.00897583, 1.14376)
step: 173	0.135156	(0.00908081, 1.14466)
step: 174	0.135938	(0.0091864, 1.14555)
step: 175	0.136719	(0.0092926, 1.14644)
step: 176	0.1375	(0.00939941, 1.14734)
step: 177	0.138281	(0.00950684, 1.14824)
step: 178	0.139063	(0.00961487, 1.14913)
step: 179	0.139844	(0.00972351, 1.15003)
step: 180	0.140625	(0.00983276, 1.15093)
step: 181	0.141406	(0.00994263, 1.15183)
step: 182	0.142187	(0.0100531, 1.15273)
step: 183	0.142969	(0.0101642, 1.15363)
step: 184	0.14375	(0.0102759, 1.15453)
step: 185	0.144531	(0.0103882, 1.15543)
step: 186	0.145313	(0.0105011, 1.15634)
step: 187	0.146094	(0.0106146, 1.15724)
step: 188	0.146875	(0.0107288, 1.15814)
step: 189	0.147656	(0.0108435, 1.15905)
step: 190	0.148438	(0.0109589, 1.15995)
step: 191	0.149219	(0.0110748, 1.16086)
step: 192	0.15	(0.0111914, 1.16177)
step: 193	0.150781	(0.0113086, 1.16267)
step: 194	0.151563	(0.0114264, 1.16358)
step: 195	0.152344	(0.0115448, 1.16449)
step: 196	0.153125	(0.0116638, 1.1654)
step: 197	0.153906	(0.0117834, 1.16631)
step: 198	0.154688	(0.0119037, 1.16722)
step: 199	0.155469	(0.0120245, 1.16813)
step: 200	0.15625	(0.012146, 1.16905)
step: 201	0.157031	(0.0122681, 1.16996)
step: 202	0.157813	(0.0123907, 1.17087)
step: 203	0.158594	(0.012514, 1.17179)
step: 204	0.159375	(0.0126379, 1.1727)
step: 205	0.160156	(0.0127625, 1.17362)
step: 206	0.160938	(0.0128876, 1.17454)
step: 207	0.161719	(0.0130133, 1.17546)
step: 208	0.1625	(0.0131396, 1.17637)
step: 209	0.163281	(0.0132666, 1.17729)
step: 210	0.164063	(0.0133942, 1.17821)
step: 211	0.164844	(0.0135223, 1.17913)
step: 212	0.165625	(0.0136511, 1.18005)
step: 213	0.166406	(0.0137805, 1.18098)
step: 214	0.167188	(0.0139105, 1.1819)
step: 215	0.167969	(0.0140411, 1.18282)
step: 216	0.16875	(0.0141724, 1.18375)
step: 217	0.169531	(0.0143042, 1.18467)
step: 218	0.170313	(0.0144366, 1.1856)
step: 219	0.171094	(0.0145697, 1.18652)
step: 220	0.171875	(0.0147034, 1.18745)
step: 221	0.172656	(0.0148376, 1.18838)
step: 222	0.173438	(0.0149725, 1.18931)
step: 223	0.174219	(0.015108, 1.19023)
step: 224	0.175	(0.0152441, 1.19116)
step: 225	0.175781	(0.0153809, 1.1921)
step: 226	0.176563	(0.0155182, 1.19303)
step: 227	0.177344	(0.0156561, 1.19396)
step: 228	0.178125	(0.0157947, 1.19489)
step: 229	0.178906	(0.0159338, 1.19583)
step: 230	0.179688	(0.0160736, 1.19676)
step: 231	0.180469	(0.016214, 1.19769)
step: 232	0.18125	(0.016355, 1.19863)
step: 233	0.182031	(0.0164966, 1.19957)
step: 234	0.182813	(0.0166388, 1.2005)
step: 235	0.183594	(0.0167816, 1.20144)
step: 236	0.184375	(0.016925, 1.20238)
step: 237	0.185156	(0.0170691, 1.20332)
step: 238	0.185938	(0.0172137, 1.20426)
step: 239	0.186719	(0.017359, 1.2052)
step: 240	0.1875	(0.0175049, 1.20614)
step: 241	0.188281	(0.0176514, 1.20708)
step: 242	0.189063	(0.0177985, 1.20803)
step: 243	0.189844	(0.0179462, 1.20897)
step: 244	0.190625	(0.0180945, 1.20992)
step: 245	0.191406	(0.0182434, 1.21086)
step: 246	0.192188	(0.0183929, 1.21181)
step: 247	0.192969	(0.0185431, 1.21275)
step: 248	0.19375	(0.0186938, 1.2137)
step: 249	0.194531	(0.0188452, 1.21465)
step: 250	0.195313	(0.0189972, 1.2156)
step: 251	0.196094	(0.0191498, 1.21655)
step: 252	0.196875	(0.019303, 1.2175)
step: 253	0.197656	(0.0194568, 1.21845)
step: 254	0.198438	(0.0196112, 1.2194)
step: 255	0.199219	(0.0197662, 1.22035)
step: 256	0.2	(0.0199219, 1.22131)
step: 257	0.200781	(0.0200781, 1.22226)
step: 258	0.201563	(0.020235, 1.22322)
step: 259	0.202344	(0.0203925, 1.22417)
step: 260	0.203125	(0.0205505, 1.22513)
step: 261	0.203906	(0.0207092, 1.22609)
step: 262	0.204688	(0.0208685, 1.22704)
step: 263	0.205469	(0.0210284, 1.228)
step: 264	0.20625	(0.021189, 1.22896)
step: 265	0.207031	(0.0213501, 1.22992)
step: 266	0.207813	(0.0215118, 1.23088)
step: 267	0.208594	(0.0216742, 1.23184)
step: 268	0.209375	(0.0218372, 1.23281)
step: 269	0.210156	(0.0220007, 1.23377)
step: 270	0.210938	(0.0221649, 1.23473)
step: 271	0.211719	(0.0223297, 1.2357)
step: 272	0.2125	(0.0224951, 1.23666)
step: 273	0.213281	(0.0226611, 1.23763)
step: 274	0.214063	(0.0228278, 1.2386)
step: 275	0.214844	(0.022995, 1.23956)
step: 276	0.215625	(0.0231628, 1.24053)
step: 277	0.216406	(0.0233313, 1.2415)
step: 278	0.217188	(0.0235004, 1.24247)
step: 279	0.217969	(0.02367, 1.24344)
step: 280	0.21875	(0.0238403, 1.24441)
step: 281	0.219531	(0.0240112, 1.24539)
step: 282	0.220313	(0.0241827, 1.24636)
step: 283	0.221094	(0.0243549, 1.24733)
step: 284	0.221875	(0.0245276, 1.24831)
step: 285	0.222656	(0.0247009, 1.24928)
step: 286	0.223438	(0.0248749, 1.25026)
step: 287	0.224219	(0.0250494, 1.25124)
step: 288	0.225	(0.0252246, 1.25221)
step: 289	0.225781	(0.0254004, 1.25319)
step: 290	0.226563	(0.0255768, 1.25417)
step: 291	0.227344	(0.0257538, 1.25515)
step: 292	0.228125	(0.0259314, 1.25613)
step: 293	0.228906	(0.0261096, 1.25711)
step: 294	0.229688	(0.0262885, 1.25809)
step: 295	0.230469	(0.0264679, 1.25908)
step: 296	0.23125	(0.0266479, 1.26006)
step: 297	0.232031	(0.0268286, 1.26104)
step: 298	0.232813	(0.0270099, 1.26203)
step: 299	0.233594	(0.0271918, 1.26302)
step: 300	0.234375	(0.0273743, 1.264)
step: 301	0.235156	(0.0275574, 1.26499)
step: 302	0.235938	(0.0277411, 1.26598)
step: 303	0.236719	(0.0279254, 1.26697)
step: 304	0.2375	(0.0281104, 1.26796)
step: 305	0.238281	(0.0282959, 1.26895)
step: 306	0.239063	(0.0284821, 1.26994)
step: 307	0.239844	(0.0286688, 1.27093)
step: 308	0.240625	(0.0288562, 1.27192)
step: 309	0.241406	(0.0290442, 1.27292)
step: 310	0.242188	(0.0292328, 1.27391)
step: 311	0.242969	(0.029422, 1.27491)
step: 312	0.24375	(0.0296118, 1.2759)
step: 313	0.244531	(0.0298022, 1.2769)
step: 314	0.245313	(0.0299933, 1.2779)
step: 315	0.246094	(0.0301849, 1.2789)
step: 316	0.246875	(0.0303772, 1.2799)
step: 317	0.247656	(0.0305701, 1.2809)
step: 318	0.248438	(0.0307635, 1.2819)
step: 319	0.249219	(0.0309576, 1.2829)
step: 320	0.25	(0.0311523, 1.2839)
step: 321	0.250781	(0.0313477, 1.2849)
step: 322	0.251563	(0.0315436, 1.28591)
step: 323	0.252344	(0.0317401, 1.28691)
step: 324	0.253125	(0.0319373, 1.28792)
step: 325	0.253906	(0.032135, 1.28892)
step: 326	0.254688	(0.0323334, 1.28993)
step: 327	0.255469	(0.0325323, 1.29094)
step: 328	0.25625	(0.0327319, 1.29195)
step: 329	0.257031	(0.0329321, 1.29296)
step: 330	0.257813	(0.0331329, 1.29397)
step: 331	0.258594	(0.0333344, 1.29498)
step: 332	0.259375	(0.0335364, 1.29599)
step: 333	0.260156	(0.033739, 1.297)
step: 334	0.260937	(0.0339423, 1.29801)
step: 335	0.261719	(0.0341461, 1.29903)
step: 336	0.2625	(0.0343506, 1.30004)
step: 337	0.263281	(0.0345557, 1.30106)
step: 338	0.264063	(0.0347614, 1.30208)
step: 339	0.264844	(0.0349677, 1.30309)
step: 340	0.265625	(0.0351746, 1.30411)
step: 341	0.266406	(0.0353821, 1.30513)
step: 342	0.267188	(0.0355902, 1.30615)
step: 343	0.267969	(0.035799, 1.30717)
step: 344	0.26875	(0.0360083, 1.30819)
step: 345	0.269531	(0.0362183, 1.30921)
step: 346	0.270313	(0.0364288, 1.31024)
step: 347	0.271094	(0.03664, 1.31126)
step: 348	0.271875	(0.0368518, 1.31228)
step: 349	0.272656	(0.0370642, 1.31331)
step: 350	0.273438	(0.0372772, 1.31433)
step: 351	0.274219	(0.0374908, 1.31536)
step: 352	0.275	(0.0377051, 1.31639)
step: 353	0.275781	(0.0379199, 1.31742)
step: 354	0.276562	(0.0381354, 1.31845)
step: 355	0.277344	(0.0383514, 1.31948)
step: 356	0.278125	(0.0385681, 1.32051)
step: 357	0.278906	(0.0387854, 1.32154)
step: 358	0.279688	(0.0390033, 1.32257)
step: 359	0.280469	(0.0392218, 1.32361)
step: 360	0.28125	(0.0394409, 1.32464)
step: 361	0.282031	(0.0396606, 1.32567)
step: 362	0.282813	(0.039881, 1.32671)
step: 363	0.283594	(0.0401019, 1.32775)
step: 364	0.284375	(0.0403235, 1.32878)
step: 365	0.285156	(0.0405457, 1.32982)
step: 366	0.285938	(0.0407684, 1.33086)
step: 367	0.286719	(0.0409918, 1.3319)
step: 368	0.2875	(0.0412158, 1.33294)
step: 369	0.288281	(0.0414404, 1.33398)
step: 370	0.289063	(0.0416656, 1.33502)
step: 371	0.289844	(0.0418915, 1.33607)
step: 372	0.290625	(0.0421179, 1.33711)
step: 373	0.291406	(0.042345, 1.33816)
step: 374	0.292187	(0.0425726, 1.3392)
step: 375	0.292969	(0.0428009, 1.34025)
step: 376	0.29375	(0.0430298, 1.34129)
step: 377	0.294531	(0.0432593, 1.34234)
step: 378	0.295313	(0.0434894, 1.34339)
step: 379	0.296094	(0.0437201, 1.34444)
step: 380	0.296875	(0.0439514, 1.34549)
step: 381	0.297656	(0.0441833, 1.34654)
step: 382	0.298438	(0.0444159, 1.34759)
step: 383	0.299219	(0.044649, 1.34865)
step: 384	0.3	(0.0448828, 1.3497)
step: 385	0.300781	(0.0451172, 1.35076)
step: 386	0.301563	(0.0453522, 1.35181)
step: 387	0.302344	(0.0455878, 1.35287)
step: 388	0.303125	(0.045824, 1.35392)
step: 389	0.303906	(0.0460608, 1.35498)
step: 390	0.304688	(0.0462982, 1.35604)
step: 391	0.305469	(0.0465363, 1.3571)
step: 392	0.30625	(0.0467749, 1.35816)
step: 393	0.307031	(0.0470142, 1.35922)
step: 394	0.307813	(0.047254, 1.36028)
step: 395	0.308594	(0.0474945, 1.36135)
step: 396	0.309375	(0.0477356, 1.36241)
step: 397	0.310156	(0.0479773, 1.36347)
step: 398	0.310938	(0.0482196, 1.36454)
step: 399	0.311719	(0.0484625, 1.3656)
step: 400	0.3125	(0.0487061, 1.36667)
step: 401	0.313281	(0.0489502, 1.36774)
step: 402	0.314063	(0.0491949, 1.36881)
step: 403	0.314844	(0.0494403, 1.36988)
step: 404	0.315625	(0.0496863, 1.37095)
step: 405	0.316406	(0.0499329, 1.37202)
step: 406	0.317188	(0.0501801, 1.37309)
step: 407	0.317969	(0.0504279, 1.37416)
step: 408	0.31875	(0.0506763, 1.37524)
step: 409	0.319531	(0.0509253, 1.37631)
step: 410	0.320313	(0.0511749, 1.37739)
step: 411	0.321094	(0.0514252, 1.37846)
step: 412	0.321875	(0.051676, 1.37954)
step: 413	0.322656	(0.0519275, 1.38062)
step: 414	0.323438	(0.0521796, 1.3817)
step: 415	0.324219	(0.0524323, 1.38277)
step: 416	0.325	(0.0526855, 1.38386)
step: 417	0.325781	(0.0529395, 1.38494)
step: 418	0.326563	(0.053194, 1.38602)
step: 419	0.327344	(0.0534491, 1.3871)
step: 420	0.328125	(0.0537048, 1.38818)
step: 421	0.328906	(0.0539612, 1.38927)
step: 422	0.329688	(0.0542181, 1.39035)
step: 423	0.330469	(0.0544757, 1.39144)
step: 424	0.33125	(0.0547339, 1.39253)
step: 425	0.332031	(0.0549927, 1.39362)
step: 426	0.332813	(0.0552521, 1.3947)
step: 427	0.333594	(0.0555121, 1.39579)
step: 428	0.334375	(0.0557727, 1.39688)
step: 429	0.335156	(0.0560339, 1.39798)
step: 430	0.335938	(0.0562958, 1.39907)
step: 431	0.336719	(0.0565582, 1.40016)
step: 432	0.3375	(0.0568213, 1.40125)
step: 433	0.338281	(0.057085, 1.40235)
step: 434	0.339063	(0.0573492, 1.40345)
step: 435	0.339844	(0.0576141, 1.40454)
step: 436	0.340625	(0.0578796, 1.40564)
step: 437	0.341406	(0.0581458, 1.40674)
step: 438	0.342188	(0.0584125, 1.40784)
step: 439	0.342969	(0.0586798, 1.40894)
step: 440	0.34375	(0.0589478, 1.41004)
step: 441	0.344531	(0.0592163, 1.41114)
step: 442	0.345313	(0.0594855, 1.41224)
step: 443	0.346094	(0.0597552, 1.41334)
step: 444	0.346875	(0.0600256, 1.41445)
step: 445	0.347656	(0.0602966, 1.41555)
step: 446	0.348438	(0.0605682, 1.41666)
step: 447	0.349219	(0.0608405, 1.41777)
step: 448	0.35	(0.0611133, 1.41887)
step: 449	0.350781	(0.0613867, 1.41998)
step: 450	0.351563	(0.0616608, 1.42109)
step: 451	0.352344	(0.0619354, 1.4222)
step: 452	0.353125	(0.0622107, 1.42331)
step: 453	0.353906	(0.0624866, 1.42442)
step: 454	0.354688	(0.0627631, 1.42554)
step: 455	0.355469	(0.0630402, 1.42665)
step: 456	0.35625	(0.0633179, 1.42777)
step: 457	0.357031	(0.0635962, 1.42888)
step: 458	0.357813	(0.0638751, 1.43)
step: 459	0.358594	(0.0641547, 1.43111)
step: 460	0.359375	(0.0644348, 1.43223)
step: 461	0.360156	(0.0647156, 1.43335)
step: 462	0.360938	(0.0649969, 1.43447)
step: 463	0.361719	(0.0652789, 1.43559)
step: 464	0.3625	(0.0655615, 1.43671)
step: 465	0.363281	(0.0658447, 1.43784)
step: 466	0.364063	(0.0661285, 1.43896)
step: 467	0.364844	(0.066413, 1.44008)
step: 468	0.365625	(0.066698, 1.44121)
step: 469	0.366406	(0.0669836, 1.44233)
step: 470	0.367188	(0.0672699, 1.44346)
step: 471	0.367969	(0.0675568, 1.44459)
step: 472	0.36875	(0.0678442, 1.44572)
step: 473	0.369531	(0.0681323, 1.44685)
step: 474	0.370313	(0.068421, 1.44798)
step: 475	0.371094	(0.0687103, 1.44911)
step: 476	0.371875	(0.0690002, 1.45024)
step: 477	0.372656	(0.0692908, 1.45137)
step: 478	0.373438	(0.0695819, 1.45251)
step: 479	0.374219	(0.0698737, 1.45364)
step: 480	0.375	(0.070166, 1.45478)
step: 481	0.375781	(0.070459, 1.45591)
step: 482	0.376563	(0.0707526, 1.45705)
step: 483	0.377344	(0.0710468, 1.45819)
step: 484	0.378125	(0.0713416, 1.45933)
step: 485	0.378906	(0.071637, 1.46047)
step: 486	0.379688	(0.071933, 1.46161)
step: 487	0.380469	(0.0722296, 1.46275)
step: 488	0.38125	(0.0725269, 1.4639)
step: 489	0.382031	(0.0728247, 1.46504)
step: 490	0.382813	(0.0731232, 1.46618)
step: 491	0.383594	(0.0734222, 1.46733)
step: 492	0.384375	(0.0737219, 1.46848)
step: 493	0.385156	(0.0740222, 1.46962)
step: 494	0.385938	(0.0743231, 1.47077)
step: 495	0.386719	(0.0746246, 1.47192)
step: 496	0.3875	(0.0749268, 1.47307)
step: 497	0.388281	(0.0752295, 1.47422)
step: 498	0.389063	(0.0755328, 1.47537)
step: 499	0.389844	(0.0758368, 1.47653)
step: 500	0.390625	(0.0761414, 1.47768)
step: 501	0.391406	(0.0764465, 1.47883)
step: 502	0.392188	(0.0767523, 1.47999)
step: 503	0.392969	(0.0770587, 1.48114)
step: 504	0.39375	(0.0773657, 1.4823)
step: 505	0.394531	(0.0776733, 1.48346)
step: 506	0.395313	(0.0779816, 1.48462)
step: 507	0.396094	(0.0782904, 1.48578)
step: 508	0.396875	(0.0785999, 1.48694)
step: 509	0.397656	(0.0789099, 1.4881)
step: 510	0.398438	(0.0792206, 1.48926)
step: 511	0.399219	(0.0795319, 1.49043)
step: 512	0.4	(0.0798437, 1.49159)
step: 513	0.400781	(0.0801562, 1.49276)
step: 514	0.401563	(0.0804694, 1.49392)
step: 515	0.402344	(0.0807831, 1.49509)
step: 516	0.403125	(0.0810974, 1.49626)
step: 517	0.403906	(0.0814124, 1.49743)
step: 518	0.404688	(0.0817279, 1.4986)
step: 519	0.405469	(0.0820441, 1.49977)
step: 520	0.40625	(0.0823608, 1.50094)
step: 521	0.407031	(0.0826782, 1.50211)
step: 522	0.407813	(0.0829962, 1.50329)
step: 523	0.408594	(0.0833148, 1.50446)
step: 524	0.409375	(0.083634, 1.50564)
step: 525	0.410156	(0.0839539, 1.50681)
step: 526	0.410938	(0.0842743, 1.50799)
step: 527	0.411719	(0.0845953, 1.50917)
step: 528	0.4125	(0.084917, 1.51035)
step: 529	0.413281	(0.0852393, 1.51153)
step: 530	0.414063	(0.0855621, 1.51271)
step: 531	0.414844	(0.0858856, 1.51389)
step: 532	0.415625	(0.0862097, 1.51507)
step: 533	0.416406	(0.0865344, 1.51626)
step: 534	0.417188	(0.0868597, 1.51744)
step: 535	0.417969	(0.0871857, 1.51863)
step: 536	0.41875	(0.0875122, 1.51981)
step: 537	0.419531	(0.0878394, 1.521)
step: 538	0.420313	(0.0881671, 1.52219)
step: 539	0.421094	(0.0884955, 1.52338)
step: 540	0.421875	(0.0888245, 1.52457)
step: 541	0.422656	(0.0891541, 1.52576)
step: 542	0.423438	(0.0894843, 1.52695)
step: 543	0.424219	(0.0898151, 1.52814)
step: 544	0.425	(0.0901465, 1.52934)
step: 545	0.425781	(0.0904785, 1.53053)
step: 546	0.426563	(0.0908112, 1.53173)
step: 547	0.427344	(0.0911444, 1.53292)
step: 548	0.428125	(0.0914783, 1.53412)
step: 549	0.428906	(0.0918127, 1.53532)
step: 550	0.429688	(0.0921478, 1.53652)
step: 551	0.430469	(0.0924835, 1.53772)
step: 552	0.43125	(0.0928198, 1.53892)
step: 553	0.432031	(0.0931567, 1.54012)
step: 554	0.432813	(0.0934943, 1.54133)
step: 555	0.433594	(0.0938324, 1.54253)
step: 556	0.434375	(0.0941711, 1.54374)
step: 557	0.435156	(0.0945105, 1.54494)
step: 558	0.435938	(0.0948505, 1.54615)
step: 559	0.436719	(0.095191, 1.54736)
step: 560	0.4375	(0.0955322, 1.54857)
step: 561	0.438281	(0.095874, 1.54978)
step: 562	0.439063	(0.0962164, 1.55099)
step: 563	0.439844	(0.0965594, 1.5522)
step: 564	0.440625	(0.0969031, 1.55341)
step: 565	0.441406	(0.0972473, 1.55462)
step: 566	0.442188	(0.0975922, 1.55584)
step: 567	0.442969	(0.0979376, 1.55705)
step: 568	0.44375	(0.0982837, 1.55827)
step: 569	0.444531	(0.0986304, 1.55949)
step: 570	0.445313	(0.0989777, 1.56071)
step: 571	0.446094	(0.0993256, 1.56193)
step: 572	0.446875	(0.0996741, 1.56315)
step: 573	0.447656	(0.100023, 1.56437)
step: 574	0.448438	(0.100373, 1.56559)
step: 575	0.449219	(0.100723, 1.56681)
step: 576	0.45	(0.101074, 1.56804)
step: 577	0.450781	(0.101426, 1.56926)
step: 578	0.451563	(0.101778, 1.57049)
step: 579	0.452344	(0.102131, 1.57171)
step: 580	0.453125	(0.102484, 1.57294)
step: 581	0.453906	(0.102838, 1.57417)
step: 582	0.454688	(0.103193, 1.5754)
step: 583	0.455469	(0.103548, 1.57663)
step: 584	0.45625	(0.103904, 1.57786)
step: 585	0.457031	(0.10426, 1.5791)
step: 586	0.457813	(0.104617, 1.58033)
step: 587	0.458594	(0.104975, 1.58156)
step: 588	0.459375	(0.105333, 1.5828)
step: 589	0.460156	(0.105692, 1.58404)
step: 590	0.460938	(0.106052, 1.58527)
step: 591	0.461719	(0.106412, 1.58651)
step: 592	0.4625	(0.106772, 1.58775)
step: 593	0.463281	(0.107134, 1.58899)
step: 594	0.464063	(0.107496, 1.59023)
step: 595	0.464844	(0.107858, 1.59148)
step: 596	0.465625	(0.108221, 1.59272)
step: 597	0.466406	(0.108585, 1.59396)
step: 598	0.467188	(0.10895, 1.59521)
step: 599	0.467969	(0.109315, 1.59646)
step: 600	0.46875	(0.10968, 1.5977)
step: 601	0.469531	(0.110046, 1.59895)
step: 602	0.470313	(0.110413, 1.6002)
step: 603	0.471094	(0.110781, 1.60145)
step: 604	0.471875	(0.111149, 1.6027)
step: 605	0.472656	(0.111517, 1.60395)
step: 606	0.473438	(0.111887, 1.60521)
step: 607	0.474219	(0.112256, 1.60646)
step: 608	0.475	(0.112627, 1.60772)
step: 609	0.475781	(0.112998, 1.60897)
step: 610	0.476563	(0.11337, 1.61023)
step: 611	0.477344	(0.113742, 1.61149)
step: 612	0.478125	(0.114115, 1.61275)
step: 613	0.478906	(0.114489, 1.61401)
step: 614	0.479688	(0.114863, 1.61527)
step: 615	0.480469	(0.115237, 1.61653)
step: 616	0.48125	(0.115613, 1.61779)
step: 617	0.482031	(0.115989, 1.61906)
step: 618	0.482813	(0.116365, 1.62032)
step: 619	0.483594	(0.116743, 1.62159)
step: 620	0.484375	(0.11712, 1.62285)
step: 621	0.485156	(0.117499, 1.62412)
step: 622	0.485938	(0.117878, 1.62539)
step: 623	0.486719	(0.118257, 1.62666)
step: 624	0.4875	(0.118638, 1.62793)
step: 625	0.488281	(0.119019, 1.6292)
step: 626	0.489063	(0.1194, 1.63048)
step: 627	0.489844	(0.119782, 1.63175)
step: 628	0.490625	(0.120165, 1.63302)
step: 629	0.491406	(0.120548, 1.6343)
step: 630	0.492188	(0.120932, 1.63558)
step: 631	0.492969	(0.121317, 1.63685)
step: 632	0.49375	(0.121702, 1.63813)
step: 633	0.494531	(0.122087, 1.63941)
step: 634	0.495313	(0.122474, 1.64069)
step: 635	0.496094	(0.122861, 1.64198)
step: 636	0.496875	(0.123248, 1.64326)
step: 637	0.497656	(0.123636, 1.64454)
step: 638	0.498438	(0.124025, 1.64583)
step: 639	0.499219	(0.124415, 1.64711)
step: 640	0.5	(0.124805, 1.6484)
step: 641	0.500781	(0.125195, 1.64969)
step: 642	0.501563	(0.125587, 1.65098)
step: 643	0.502344	(0.125978, 1.65227)
step: 644	0.503125	(0.126371, 1.65356)
step: 645	0.503906	(0.126764, 1.65485)
step: 646	0.504688	(0.127158, 1.65614)
step: 647	0.505469	(0.127552, 1.65744)
step: 648	0.50625	(0.127947, 1.65873)
step: 649	0.507031	(0.128342, 1.66003)
step: 650	0.507813	(0.128738, 1.66132)
step: 651	0.508594	(0.129135, 1.66262)
step: 652	0.509375	(0.129532, 1.66392)
step: 653	0.510156	(0.12993, 1.66522)
step: 654	0.510938	(0.130329, 1.66652)
step: 655	0.511719	(0.130728, 1.66782)
step: 656	0.5125	(0.131128, 1.66913)
step: 657	0.513281	(0.131528, 1.67043)
step: 658	0.514062	(0.131929, 1.67173)
step: 659	0.514844	(0.132331, 1.67304)
step: 660	0.515625	(0.132733, 1.67435)
step: 661	0.516406	(0.133136, 1.67566)
step: 662	0.517188	(0.133539, 1.67696)
step: 663	0.517969	(0.133943, 1.67828)
step: 664	0.51875	(0.134348, 1.67959)
step: 665	0.519531	(0.134753, 1.6809)
step: 666	0.520313	(0.135159, 1.68221)
step: 667	0.521094	(0.135566, 1.68353)
step: 668	0.521875	(0.135973, 1.68484)
step: 669	0.522656	(0.136381, 1.68616)
step: 670	0.523438	(0.136789, 1.68747)
step: 671	0.524219	(0.137198, 1.68879)
step: 672	0.525	(0.137607, 1.69011)
step: 673	0.525781	(0.138018, 1.69143)
step: 674	0.526563	(0.138428, 1.69275)
step: 675	0.527344	(0.13884, 1.69408)
step: 676	0.528125	(0.139252, 1.6954)
step: 677	0.528906	(0.139664, 1.69672)
step: 678	0.529687	(0.140078, 1.69805)
step: 679	0.530469	(0.140491, 1.69938)
step: 680	0.53125	(0.140906, 1.7007)
step: 681	0.532031	(0.141321, 1.70203)
step: 682	0.532813	(0.141736, 1.70336)
step: 683	0.533594	(0.142153, 1.70469)
step: 684	0.534375	(0.14257, 1.70603)
step: 685	0.535156	(0.142987, 1.70736)
step: 686	0.535938	(0.143405, 1.70869)
step: 687	0.536719	(0.143824, 1.71003)
step: 688	0.5375	(0.144243, 1.71136)
step: 689	0.538281	(0.144663, 1.7127)
step: 690	0.539063	(0.145084, 1.71404)
step: 691	0.539844	(0.145505, 1.71538)
step: 692	0.540625	(0.145927, 1.71672)
step: 693	0.541406	(0.146349, 1.71806)
step: 694	0.542188	(0.146772, 1.7194)
step: 695	0.542969	(0.147195, 1.72074)
step: 696	0.54375	(0.14762, 1.72209)
step: 697	0.544531	(0.148044, 1.72343)
step: 698	0.545312	(0.14847, 1.72478)
step: 699	0.546094	(0.148896, 1.72613)
step: 700	0.546875	(0.149323, 1.72748)
step: 701	0.547656	(0.14975, 1.72883)
step: 702	0.548438	(0.150178, 1.73018)
step: 703	0.549219	(0.150606, 1.73153)
step: 704	0.55	(0.151035, 1.73288)
step: 705	0.550781	(0.151465, 1.73423)
step: 706	0.551563	(0.151895, 1.73559)
step: 707	0.552344	(0.152326, 1.73695)
step: 708	0.553125	(0.152758, 1.7383)
step: 709	0.553906	(0.15319, 1.73966)
step: 710	0.554688	(0.153622, 1.74102)
step: 711	0.555469	(0.154056, 1.74238)
step: 712	0.55625	(0.15449, 1.74374)
step: 713	0.557031	(0.154924, 1.7451)
step: 714	0.557813	(0.155359, 1.74647)
step: 715	0.558594	(0.155795, 1.74783)
step: 716	0.559375	(0.156232, 1.7492)
step: 717	0.560156	(0.156669, 1.75056)
step: 718	0.560937	(0.157106, 1.75193)
step: 719	0.561719	(0.157545, 1.7533)
step: 720	0.5625	(0.157983, 1.75467)
step: 721	0.563281	(0.158423, 1.75604)
step: 722	0.564063	(0.158863, 1.75741)
step: 723	0.564844	(0.159304, 1.75878)
step: 724	0.565625	(0.159745, 1.76016)
step: 725	0.566406	(0.160187, 1.76153)
step: 726	0.567188	(0.160629, 1.76291)
step: 727	0.567969	(0.161072, 1.76429)
step: 728	0.56875	(0.161516, 1.76567)
step: 729	0.569531	(0.16196, 1.76705)
step: 730	0.570313	(0.162405, 1.76843)
step: 731	0.571094	(0.162851, 1.76981)
step: 732	0.571875	(0.163297, 1.77119)
step: 733	0.572656	(0.163744, 1.77257)
step: 734	0.573438	(0.164191, 1.77396)
step: 735	0.574219	(0.164639, 1.77534)
step: 736	0.575	(0.165088, 1.77673)
step: 737	0.575781	(0.165537, 1.77812)
step: 738	0.576562	(0.165987, 1.77951)
step: 739	0.577344	(0.166437, 1.7809)
step: 740	0.578125	(0.166888, 1.78229)
step: 741	0.578906	(0.16734, 1.78368)
step: 742	0.579688	(0.167792, 1.78508)
step: 743	0.580469	(0.168245, 1.78647)
step: 744	0.58125	(0.168699, 1.78787)
step: 745	0.582031	(0.169153, 1.78926)
step: 746	0.582813	(0.169608, 1.79066)
step: 747	0.583594	(0.170063, 1.79206)
step: 748	0.584375	(0.170519, 1.79346)
step: 749	0.585156	(0.170975, 1.79486)
step: 750	0.585938	(0.171432, 1.79626)
step: 751	0.586719	(0.17189, 1.79767)
step: 752	0.5875	(0.172349, 1.79907)
step: 753	0.588281	(0.172808, 1.80048)
step: 754	0.589063	(0.173267, 1.80188)
step: 755	0.589844	(0.173727, 1.80329)
step: 756	0.590625	(0.174188, 1.8047)
step: 757	0.591406	(0.17465, 1.80611)
step: 758	0.592187	(0.175112, 1.80752)
step: 759	0.592969	(0.175574, 1.80893)
step: 760	0.59375	(0.176038, 1.81035)
step: 761	0.594531	(0.176501, 1.81176)
step: 762	0.595313	(0.176966, 1.81318)
step: 763	0.596094	(0.177431, 1.81459)
step: 764	0.596875	(0.177897, 1.81601)
step: 765	0.597656	(0.178363, 1.81743)
step: 766	0.598438	(0.17883, 1.81885)
step: 767	0.599219	(0.179297, 1.82027)
step: 768	0.6	(0.179766, 1.82169)
step: 769	0.600781	(0.180234, 1.82312)
step: 770	0.601563	(0.180704, 1.82454)
step: 771	0.602344	(0.181174, 1.82596)
step: 772	0.603125	(0.181644, 1.82739)
step: 773	0.603906	(0.182115, 1.82882)
step: 774	0.604688	(0.182587, 1.83025)
step: 775	0.605469	(0.18306, 1.83168)
step: 776	0.60625	(0.183533, 1.83311)
step: 777	0.607031	(0.184006, 1.83454)
step: 778	0.607813	(0.184481, 1.83597)
step: 779	0.608594	(0.184955, 1.83741)
step: 780	0.609375	(0.185431, 1.83884)
step: 781	0.610156	(0.185907, 1.84028)
step: 782	0.610938	(0.186384, 1.84172)
step: 783	0.611719	(0.186861, 1.84316)
step: 784	0.6125	(0.187339, 1.8446)
step: 785	0.613281	(0.187817, 1.84604)
step: 786	0.614063	(0.188297, 1.84748)
step: 787	0.614844	(0.188776, 1.84892)
step: 788	0.615625	(0.189257, 1.85037)
step: 789	0.616406	(0.189738, 1.85181)
step: 790	0.617188	(0.190219, 1.85326)
step: 791	0.617969	(0.190701, 1.85471)
step: 792	0.61875	(0.191184, 1.85616)
step: 793	0.619531	(0.191667, 1.85761)
step: 794	0.620313	(0.192151, 1.85906)
step: 795	0.621094	(0.192636, 1.86051)
step: 796	0.621875	(0.193121, 1.86196)
step: 797	0.622656	(0.193607, 1.86342)
step: 798	0.623438	(0.194094, 1.86488)
step: 799	0.624219	(0.194581, 1.86633)
step: 800	0.625	(0.195068, 1.86779)
step: 801	0.625781	(0.195557, 1.86925)
step: 802	0.626563	(0.196046, 1.87071)
step: 803	0.627344	(0.196535, 1.87217)
step: 804	0.628125	(0.197025, 1.87363)
step: 805	0.628906	(0.197516, 1.8751)
step: 806	0.629688	(0.198007, 1.87656)
step: 807	0.630469	(0.198499, 1.87803)
step: 808	0.63125	(0.198992, 1.8795)
step: 809	0.632031	(0.199485, 1.88096)
step: 810	0.632813	(0.199979, 1.88243)
step: 811	0.633594	(0.200473, 1.8839)
step: 812	0.634375	(0.200968, 1.88538)
step: 813	0.635156	(0.201464, 1.88685)
step: 814	0.635938	(0.20196, 1.88832)
step: 815	0.636719	(0.202457, 1.8898)
step: 816	0.6375	(0.202954, 1.89127)
step: 817	0.638281	(0.203452, 1.89275)
step: 818	0.639063	(0.203951, 1.89423)
step: 819	0.639844	(0.20445, 1.89571)
step: 820	0.640625	(0.20495, 1.89719)
step: 821	0.641406	(0.20545, 1.89867)
step: 822	0.642188	(0.205952, 1.90016)
step: 823	0.642969	(0.206453, 1.90164)
step: 824	0.64375	(0.206956, 1.90313)
step: 825	0.644531	(0.207458, 1.90461)
step: 826	0.645313	(0.207962, 1.9061)
step: 827	0.646094	(0.208466, 1.90759)
step: 828	0.646875	(0.208971, 1.90908)
step: 829	0.647656	(0.209476, 1.91057)
step: 830	0.648438	(0.209982, 1.91207)
step: 831	0.649219	(0.210489, 1.91356)
step: 832	0.65	(0.210996, 1.91505)
step: 833	0.650781	(0.211504, 1.91655)
step: 834	0.651563	(0.212012, 1.91805)
step: 835	0.652344	(0.212521, 1.91955)
step: 836	0.653125	(0.213031, 1.92105)
step: 837	0.653906	(0.213541, 1.92255)
step: 838	0.654688	(0.214052, 1.92405)
step: 839	0.655469	(0.214564, 1.92555)
step: 840	0.65625	(0.215076, 1.92706)
step: 841	0.657031	(0.215588, 1.92856)
step: 842	0.657813	(0.216102, 1.93007)
step: 843	0.658594	(0.216616, 1.93158)
step: 844	0.659375	(0.21713, 1.93309)
step: 845	0.660156	(0.217645, 1.9346)
step: 846	0.660938	(0.218161, 1.93611)
step: 847	0.661719	(0.218677, 1.93762)
step: 848	0.6625	(0.219194, 1.93913)
step: 849	0.663281	(0.219712, 1.94065)
step: 850	0.664063	(0.22023, 1.94216)
step: 851	0.664844	(0.220749, 1.94368)
step: 852	0.665625	(0.221268, 1.9452)
step: 853	0.666406	(0.221788, 1.94672)
step: 854	0.667188	(0.222309, 1.94824)
step: 855	0.667969	(0.22283, 1.94976)
step: 856	0.66875	(0.223352, 1.95129)
step: 857	0.669531	(0.223875, 1.95281)
step: 858	0.670313	(0.224398, 1.95434)
step: 859	0.671094	(0.224921, 1.95586)
step: 860	0.671875	(0.225446, 1.95739)
step: 861	0.672656	(0.22597, 1.95892)
step: 862	0.673438	(0.226496, 1.96045)
step: 863	0.674219	(0.227022, 1.96198)
step: 864	0.675	(0.227549, 1.96352)
step: 865	0.675781	(0.228076, 1.96505)
step: 866	0.676563	(0.228604, 1.96658)
step: 867	0.677344	(0.229133, 1.96812)
step: 868	0.678125	(0.229662, 1.96966)
step: 869	0.678906	(0.230192, 1.9712)
step: 870	0.679688	(0.230722, 1.97274)
step: 871	0.680469	(0.231253, 1.97428)
step: 872	0.68125	(0.231785, 1.97582)
step: 873	0.682031	(0.232317, 1.97736)
step: 874	0.682813	(0.23285, 1.97891)
step: 875	0.683594	(0.233383, 1.98046)
step: 876	0.684375	(0.233917, 1.982)
step: 877	0.685156	(0.234452, 1.98355)
step: 878	0.685938	(0.234987, 1.9851)
step: 879	0.686719	(0.235523, 1.98665)
step: 880	0.6875	(0.23606, 1.9882)
step: 881	0.688281	(0.236597, 1.98976)
step: 882	0.689063	(0.237134, 1.99131)
step: 883	0.689844	(0.237673, 1.99287)
step: 884	0.690625	(0.238212, 1.99442)
step: 885	0.691406	(0.238751, 1.99598)
step: 886	0.692188	(0.239291, 1.99754)
step: 887	0.692969	(0.239832, 1.9991)
step: 888	0.69375	(0.240374, 2.00066)
step: 889	0.694531	(0.240916, 2.00223)
step: 890	0.695313	(0.241458, 2.00379)
step: 891	0.696094	(0.242001, 2.00536)
step: 892	0.696875	(0.242545, 2.00692)
step: 893	0.697656	(0.24309, 2.00849)
step: 894	0.698438	(0.243635, 2.01006)
step: 895	0.699219	(0.24418, 2.01163)
step: 896	0.7	(0.244727, 2.0132)
step: 897	0.700781	(0.245273, 2.01478)
step: 898	0.701563	(0.245821, 2.01635)
step: 899	0.702344	(0.246369, 2.01792)
step: 900	0.703125	(0.246918, 2.0195)
step: 901	0.703906	(0.247467, 2.02108)
step: 902	0.704688	(0.248017, 2.02266)
step: 903	0.705469	(0.248568, 2.02424)
step: 904	0.70625	(0.249119, 2.02582)
step: 905	0.707031	(0.24967, 2.0274)
step: 906	0.707813	(0.250223, 2.02899)
step: 907	0.708594	(0.250776, 2.03057)
step: 908	0.709375	(0.251329, 2.03216)
step: 909	0.710156	(0.251884, 2.03375)
step: 910	0.710938	(0.252438, 2.03533)
step: 911	0.711719	(0.252994, 2.03692)
step: 912	0.7125	(0.25355, 2.03852)
step: 913	0.713281	(0.254106, 2.04011)
step: 914	0.714063	(0.254664, 2.0417)
step: 915	0.714844	(0.255222, 2.0433)
step: 916	0.715625	(0.25578, 2.04489)
step: 917	0.716406	(0.256339, 2.04649)
step: 918	0.717188	(0.256899, 2.04809)
step: 919	0.717969	(0.257459, 2.04969)
step: 920	0.71875	(0.25802, 2.05129)
step: 921	0.719531	(0.258582, 2.05289)
step: 922	0.720313	(0.259144, 2.0545)
step: 923	0.721094	(0.259706, 2.0561)
step: 924	0.721875	(0.26027, 2.05771)
step: 925	0.722656	(0.260834, 2.05932)
step: 926	0.723438	(0.261398, 2.06093)
step: 927	0.724219	(0.261964, 2.06254)
step: 928	0.725	(0.262529, 2.06415)
step: 929	0.725781	(0.263096, 2.06576)
step: 930	0.726563	(0.263663, 2.06737)
step: 931	0.727344	(0.26423, 2.06899)
step: 932	0.728125	(0.264799, 2.0706)
step: 933	0.728906	(0.265367, 2.07222)
step: 934	0.729688	(0.265937, 2.07384)
step: 935	0.730469	(0.266507, 2.07546)
step: 936	0.73125	(0.267078, 2.07708)
step: 937	0.732031	(0.267649, 2.07871)
step: 938	0.732813	(0.268221, 2.08033)
step: 939	0.733594	(0.268793, 2.08195)
step: 940	0.734375	(0.269366, 2.08358)
step: 941	0.735156	(0.26994, 2.08521)
step: 942	0.735938	(0.270515, 2.08684)
step: 943	0.736719	(0.271089, 2.08847)
step: 944	0.7375	(0.271665, 2.0901)
step: 945	0.738281	(0.272241, 2.09173)
step: 946	0.739063	(0.272818, 2.09337)
step: 947	0.739844	(0.273395, 2.095)
step: 948	0.740625	(0.273973, 2.09664)
step: 949	0.741406	(0.274552, 2.09828)
step: 950	0.742188	(0.275131, 2.09992)
step: 951	0.742969	(0.275711, 2.10156)
step: 952	0.74375	(0.276292, 2.1032)
step: 953	0.744531	(0.276873, 2.10484)
step: 954	0.745313	(0.277454, 2.10649)
step: 955	0.746094	(0.278036, 2.10813)
step: 956	0.746875	(0.278619, 2.10978)
step: 957	0.747656	(0.279203, 2.11143)
step: 958	0.748438	(0.279787, 2.11308)
step: 959	0.749219	(0.280372, 2.11473)
step: 960	0.75	(0.280957, 2.11638)
step: 961	0.750781	(0.281543, 2.11803)
step: 962	0.751563	(0.28213, 2.11969)
step: 963	0.752344	(0.282717, 2.12134)
step: 964	0.753125	(0.283304, 2.123)
step: 965	0.753906	(0.283893, 2.12466)
step: 966	0.754688	(0.284482, 2.12632)
step: 967	0.755469	(0.285071, 2.12798)
step: 968	0.75625	(0.285662, 2.12964)
step: 969	0.757031	(0.286252, 2.13131)
step: 970	0.757813	(0.286844, 2.13297)
step: 971	0.758594	(0.287436, 2.13464)
step: 972	0.759375	(0.288029, 2.13631)
step: 973	0.760156	(0.288622, 2.13798)
step: 974	0.760938	(0.289216, 2.13965)
step: 975	0.761719	(0.28981, 2.14132)
step: 976	0.7625	(0.290405, 2.14299)
step: 977	0.763281	(0.291001, 2.14466)
step: 978	0.764063	(0.291597, 2.14634)
step: 979	0.764844	(0.292194, 2.14802)
step: 980	0.765625	(0.292792, 2.1497)
step: 981	0.766406	(0.29339, 2.15137)
step: 982	0.767188	(0.293989, 2.15306)
step: 983	0.767969	(0.294588, 2.15474)
step: 984	0.76875	(0.295188, 2.15642)
step: 985	0.769531	(0.295789, 2.15811)
step: 986	0.770313	(0.29639, 2.15979)
step: 987	0.771094	(0.296992, 2.16148)
step: 988	0.771875	(0.297594, 2.16317)
step: 989	0.772656	(0.298197, 2.16486)
step: 990	0.773438	(0.298801, 2.16655)
step: 991	0.774219	(0.299405, 2.16824)
step: 992	0.775	(0.30001, 2.16994)
step: 993	0.775781	(0.300615, 2.17163)
step: 994	0.776563	(0.301221, 2.17333)
step: 995	0.777344	(0.301828, 2.17503)
step: 996	0.778125	(0.302435, 2.17672)
step: 997	0.778906	(0.303043, 2.17843)
step: 998	0.779688	(0.303652, 2.18013)
step: 999	0.780469	(0.304261, 2.18183)
step: 1000	0.78125	(0.304871, 2.18353)
step: 1001	0.782031	(0.305481, 2.18524)
step: 1002	0.782813	(0.306092, 2.18695)
step: 1003	0.783594	(0.306703, 2.18866)
step: 1004	0.784375	(0.307316, 2.19037)
step: 1005	0.785156	(0.307928, 2.19208)
step: 1006	0.785938	(0.308542, 2.19379)
step: 1007	0.786719	(0.309156, 2.1955)
step: 1008	0.7875	(0.309771, 2.19722)
step: 1009	0.788281	(0.310386, 2.19894)
step: 1010	0.789063	(0.311002, 2.20065)
step: 1011	0.789844	(0.311618, 2.20237)
step: 1012	0.790625	(0.312235, 2.20409)
step: 1013	0.791406	(0.312853, 2.20582)
step: 1014	0.792188	(0.313471, 2.20754)
step: 1015	0.792969	(0.31409, 2.20926)
step: 1016	0.79375	(0.314709, 2.21099)
step: 1017	0.794531	(0.31533, 2.21272)
step: 1018	0.795313	(0.31595, 2.21445)
step: 1019	0.796094	(0.316572, 2.21618)
step: 1020	0.796875	(0.317194, 2.21791)
step: 1021	0.797656	(0.317816, 2.21964)
step: 1022	0.798438	(0.318439, 2.22137)
step: 1023	0.799219	(0.319063, 2.22311)
step: 1024	0.8	(0.319687, 2.22485)
step: 1025	0.800781	(0.320312, 2.22658)
step: 1026	0.801563	(0.320938, 2.22832)
step: 1027	0.802344	(0.321564, 2.23006)
step: 1028	0.803125	(0.322191, 2.23181)
step: 1029	0.803906	(0.322819, 2.23355)
step: 1030	0.804688	(0.323447, 2.2353)
step: 1031	0.805469	(0.324075, 2.23704)
step: 1032	0.80625	(0.324705, 2.23879)
step: 1033	0.807031	(0.325334, 2.24054)
step: 1034	0.807813	(0.325965, 2.24229)
step: 1035	0.808594	(0.326596, 2.24404)
step: 1036	0.809375	(0.327228, 2.24579)
step: 1037	0.810156	(0.32786, 2.24755)
step: 1038	0.810938	(0.328493, 2.2493)
step: 1039	0.811719	(0.329127, 2.25106)
step: 1040	0.8125	(0.329761, 2.25282)
step: 1041	0.813281	(0.330396, 2.25458)
step: 1042	0.814063	(0.331031, 2.25634)
step: 1043	0.814844	(0.331667, 2.2581)
step: 1044	0.815625	(0.332303, 2.25987)
step: 1045	0.816406	(0.332941, 2.26163)
step: 1046	0.817188	(0.333578, 2.2634)
step: 1047	0.817969	(0.334217, 2.26517)
step: 1048	0.81875	(0.334856, 2.26694)
step: 1049	0.819531	(0.335496, 2.26871)
step: 1050	0.820313	(0.336136, 2.27048)
step: 1051	0.821094	(0.336777, 2.27226)
step: 1052	0.821875	(0.337418, 2.27403)
step: 1053	0.822656	(0.33806, 2.27581)
step: 1054	0.823438	(0.338703, 2.27759)
step: 1055	0.824219	(0.339346, 2.27937)
step: 1056	0.825	(0.33999, 2.28115)
step: 1057	0.825781	(0.340635, 2.28293)
step: 1058	0.826563	(0.34128, 2.28471)
step: 1059	0.827344	(0.341926, 2.2865)
step: 1060	0.828125	(0.342572, 2.28828)
step: 1061	0.828906	(0.343219, 2.29007)
step: 1062	0.829688	(0.343867, 2.29186)
step: 1063	0.830469	(0.344515, 2.29365)
step: 1064	0.83125	(0.345164, 2.29544)
step: 1065	0.832031	(0.345813, 2.29724)
step: 1066	0.832813	(0.346463, 2.29903)
step: 1067	0.833594	(0.347114, 2.30083)
step: 1068	0.834375	(0.347765, 2.30262)
step: 1069	0.835156	(0.348417, 2.30442)
step: 1070	0.835938	(0.349069, 2.30622)
step: 1071	0.836719	(0.349722, 2.30802)
step: 1072	0.8375	(0.350376, 2.30983)
step: 1073	0.838281	(0.35103, 2.31163)
step: 1074	0.839063	(0.351685, 2.31344)
step: 1075	0.839844	(0.352341, 2.31525)
step: 1076	0.840625	(0.352997, 2.31705)
step: 1077	0.841406	(0.353654, 2.31886)
step: 1078	0.842188	(0.354311, 2.32068)
step: 1079	0.842969	(0.354969, 2.32249)
step: 1080	0.84375	(0.355627, 2.3243)
step: 1081	0.844531	(0.356287, 2.32612)
step: 1082	0.845313	(0.356946, 2.32794)
step: 1083	0.846094	(0.357607, 2.32976)
step: 1084	0.846875	(0.358268, 2.33158)
step: 1085	0.847656	(0.358929, 2.3334)
step: 1086	0.848438	(0.359592, 2.33522)
step: 1087	0.849219	(0.360255, 2.33704)
step: 1088	0.85	(0.360918, 2.33887)
step: 1089	0.850781	(0.361582, 2.3407)
step: 1090	0.851563	(0.362247, 2.34253)
step: 1091	0.852344	(0.362912, 2.34436)
step: 1092	0.853125	(0.363578, 2.34619)
step: 1093	0.853906	(0.364244, 2.34802)
step: 1094	0.854688	(0.364911, 2.34986)
step: 1095	0.855469	(0.365579, 2.35169)
step: 1096	0.85625	(0.366248, 2.35353)
step: 1097	0.857031	(0.366917, 2.35537)
step: 1098	0.857813	(0.367586, 2.35721)
step: 1099	0.858594	(0.368256, 2.35905)
step: 1100	0.859375	(0.368927, 2.36089)
step: 1101	0.860156	(0.369598, 2.36274)
step: 1102	0.860938	(0.37027, 2.36458)
step: 1103	0.861719	(0.370943, 2.36643)
step: 1104	0.8625	(0.371616, 2.36828)
step: 1105	0.863281	(0.37229, 2.37013)
step: 1106	0.864063	(0.372964, 2.37198)
step: 1107	0.864844	(0.37364, 2.37383)
step: 1108	0.865625	(0.374315, 2.37569)
step: 1109	0.866406	(0.374991, 2.37754)
step: 1110	0.867188	(0.375668, 2.3794)
step: 1111	0.867969	(0.376346, 2.38126)
step: 1112	0.86875	(0.377024, 2.38312)
step: 1113	0.869531	(0.377703, 2.38498)
step: 1114	0.870313	(0.378382, 2.38685)
step: 1115	0.871094	(0.379062, 2.38871)
step: 1116	0.871875	(0.379742, 2.39058)
step: 1117	0.872656	(0.380424, 2.39244)
step: 1118	0.873438	(0.381105, 2.39431)
step: 1119	0.874219	(0.381788, 2.39618)
step: 1120	0.875	(0.382471, 2.39806)
step: 1121	0.875781	(0.383154, 2.39993)
step: 1122	0.876563	(0.383839, 2.4018)
step: 1123	0.877344	(0.384523, 2.40368)
step: 1124	0.878125	(0.385209, 2.40556)
step: 1125	0.878906	(0.385895, 2.40744)
step: 1126	0.879688	(0.386581, 2.40932)
step: 1127	0.880469	(0.387269, 2.4112)
step: 1128	0.88125	(0.387957, 2.41308)
step: 1129	0.882031	(0.388645, 2.41497)
step: 1130	0.882813	(0.389334, 2.41686)
step: 1131	0.883594	(0.390024, 2.41874)
step: 1132	0.884375	(0.390714, 2.42063)
step: 1133	0.885156	(0.391405, 2.42253)
step: 1134	0.885938	(0.392097, 2.42442)
step: 1135	0.886719	(0.392789, 2.42631)
step: 1136	0.8875	(0.393481, 2.42821)
step: 1137	0.888281	(0.394175, 2.4301)
step: 1138	0.889063	(0.394869, 2.432)
step: 1139	0.889844	(0.395563, 2.4339)
step: 1140	0.890625	(0.396259, 2.4358)
step: 1141	0.891406	(0.396954, 2.43771)
step: 1142	0.892188	(0.397651, 2.43961)
step: 1143	0.892969	(0.398348, 2.44152)
step: 1144	0.89375	(0.399045, 2.44343)
step: 1145	0.894531	(0.399744, 2.44533)
step: 1146	0.895313	(0.400443, 2.44725)
step: 1147	0.896094	(0.401142, 2.44916)
step: 1148	0.896875	(0.401842, 2.45107)
step: 1149	0.897656	(0.402543, 2.45299)
step: 1150	0.898438	(0.403244, 2.4549)
step: 1151	0.899219	(0.403946, 2.45682)
step: 1152	0.9	(0.404648, 2.45874)
step: 1153	0.900781	(0.405352, 2.46066)
step: 1154	0.901563	(0.406055, 2.46258)
step: 1155	0.902344	(0.40676, 2.46451)
step: 1156	0.903125	(0.407465, 2.46643)
step: 1157	0.903906	(0.40817, 2.46836)
step: 1158	0.904688	(0.408876, 2.47029)
step: 1159	0.905469	(0.409583, 2.47222)
step: 1160	0.90625	(0.410291, 2.47415)
step: 1161	0.907031	(0.410999, 2.47608)
step: 1162	0.907813	(0.411707, 2.47802)
step: 1163	0.908594	(0.412416, 2.47995)
step: 1164	0.909375	(0.413126, 2.48189)
step: 1165	0.910156	(0.413837, 2.48383)
step: 1166	0.910938	(0.414548, 2.48577)
step: 1167	0.911719	(0.415259, 2.48771)
step: 1168	0.9125	(0.415972, 2.48965)
step: 1169	0.913281	(0.416685, 2.4916)
step: 1170	0.914063	(0.417398, 2.49355)
step: 1171	0.914844	(0.418112, 2.49549)
step: 1172	0.915625	(0.418827, 2.49744)
step: 1173	0.916406	(0.419542, 2.49939)
step: 1174	0.917188	(0.420258, 2.50135)
step: 1175	0.917969	(0.420975, 2.5033)
step: 1176	0.91875	(0.421692, 2.50526)
step: 1177	0.919531	(0.42241, 2.50721)
step: 1178	0.920313	(0.423128, 2.50917)
step: 1179	0.921094	(0.423847, 2.51113)
step: 1180	0.921875	(0.424567, 2.5131)
step: 1181	0.922656	(0.425287, 2.51506)
step: 1182	0.923438	(0.426008, 2.51702)
step: 1183	0.924219	(0.426729, 2.51899)
step: 1184	0.925	(0.427451, 2.52096)
step: 1185	0.925781	(0.428174, 2.52293)
step: 1186	0.926563	(0.428897, 2.5249)
step: 1187	0.927344	(0.429621, 2.52687)
step: 1188	0.928125	(0.430345, 2.52884)
step: 1189	0.928906	(0.431071, 2.53082)
step: 1190	0.929688	(0.431796, 2.5328)
step: 1191	0.930469	(0.432523, 2.53478)
step: 1192	0.93125	(0.43325, 2.53676)
step: 1193	0.932031	(0.433977, 2.53874)
step: 1194	0.932813	(0.434705, 2.54072)
step: 1195	0.933594	(0.435434, 2.54271)
step: 1196	0.934375	(0.436163, 2.54469)
step: 1197	0.935156	(0.436893, 2.54668)
step: 1198	0.935938	(0.437624, 2.54867)
step: 1199	0.936719	(0.438355, 2.55066)
step: 1200	0.9375	(0.439087, 2.55265)
step: 1201	0.938281	(0.439819, 2.55465)
step: 1202	0.939063	(0.440552, 2.55665)
step: 1203	0.939844	(0.441286, 2.55864)
step: 1204	0.940625	(0.44202, 2.56064)
step: 1205	0.941406	(0.442755, 2.56264)
step: 1206	0.942188	(0.443491, 2.56464)
step: 1207	0.942969	(0.444227, 2.56665)
step: 1208	0.94375	(0.444963, 2.56865)
step: 1209	0.944531	(0.445701, 2.57066)
step: 1210	0.945313	(0.446439, 2.57267)
step: 1211	0.946094	(0.447177, 2.57468)
step: 1212	0.946875	(0.447916, 2.57669)
step: 1213	0.947656	(0.448656, 2.5787)
step: 1214	0.948438	(0.449396, 2.58072)
step: 1215	0.949219	(0.450137, 2.58273)
step: 1216	0.95	(0.450879, 2.58475)
step: 1217	0.950781	(0.451621, 2.58677)
step: 1218	0.951563	(0.452364, 2.58879)
step: 1219	0.952344	(0.453107, 2.59081)
step: 1220	0.953125	(0.453851, 2.59284)
step: 1221	0.953906	(0.454596, 2.59486)
step: 1222	0.954688	(0.455341, 2.59689)
step: 1223	0.955469	(0.456087, 2.59892)
step: 1224	0.95625	(0.456833, 2.60095)
step: 1225	0.957031	(0.457581, 2.60298)
step: 1226	0.957813	(0.458328, 2.60502)
step: 1227	0.958594	(0.459077, 2.60705)
step: 1228	0.959375	(0.459825, 2.60909)
step: 1229	0.960156	(0.460575, 2.61113)
step: 1230	0.960938	(0.461325, 2.61317)
step: 1231	0.961719	(0.462076, 2.61521)
step: 1232	0.9625	(0.462827, 2.61725)
step: 1233	0.963281	(0.463579, 2.61929)
step: 1234	0.964063	(0.464332, 2.62134)
step: 1235	0.964844	(0.465085, 2.62339)
step: 1236	0.965625	(0.465839, 2.62544)
step: 1237	0.966406	(0.466593, 2.62749)
step: 1238	0.967188	(0.467348, 2.62954)
step: 1239	0.967969	(0.468104, 2.6316)
step: 1240	0.96875	(0.46886, 2.63365)
step: 1241	0.969531	(0.469617, 2.63571)
step: 1242	0.970313	(0.470374, 2.63777)
step: 1243	0.971094	(0.471132, 2.63983)
step: 1244	0.971875	(0.471891, 2.64189)
step: 1245	0.972656	(0.47265, 2.64396)
step: 1246	0.973438	(0.47341, 2.64602)
step: 1247	0.974219	(0.474171, 2.64809)
step: 1248	0.975	(0.474932, 2.65016)
step: 1249	0.975781	(0.475693, 2.65223)
step: 1250	0.976563	(0.476456, 2.6543)
step: 1251	0.977344	(0.477219, 2.65637)
step: 1252	0.978125	(0.477982, 2.65845)
step: 1253	0.978906	(0.478746, 2.66053)
step: 1254	0.979688	(0.479511, 2.66261)
step: 1255	0.980469	(0.480276, 2.66469)
step: 1256	0.98125	(0.481042, 2.66677)
step: 1257	0.982031	(0.481809, 2.66885)
step: 1258	0.982813	(0.482576, 2.67094)
step: 1259	0.983594	(0.483344, 2.67302)
step: 1260	0.984375	(0.484113, 2.67511)
step: 1261	0.985156	(0.484882, 2.6772)
step: 1262	0.985938	(0.485651, 2.67929)
step: 1263	0.986719	(0.486422, 2.68139)
step: 1264	0.9875	(0.487192, 2.68348)
step: 1265	0.988281	(0.487964, 2.68558)
step: 1266	0.989063	(0.488736, 2.68767)
step: 1267	0.989844	(0.489509, 2.68977)
step: 1268	0.990625	(0.490282, 2.69188)
step: 1269	0.991406	(0.491056, 2.69398)
step: 1270	0.992188	(0.49183, 2.69608)
step: 1271	0.992969	(0.492606, 2.69819)
step: 1272	0.99375	(0.493381, 2.7003)
step: 1273	0.994531	(0.494158, 2.70241)
step: 1274	0.995313	(0.494935, 2.70452)
step: 1275	0.996094	(0.495712, 2.70663)
step: 1276	0.996875	(0.49649, 2.70875)
step: 1277	0.997656	(0.497269, 2.71086)
step: 1278	0.998438	(0.498049, 2.71298)
step: 1279	0.999219	(0.498829, 2.7151)
step: 1280	1	(0.499609, 2.71722)
