step: 0	0	(0, 1)
step: 1	0.0625	(0, 1.0625)
step: 2	0.125	(0.00390625, 1.12891)
step: 3	0.1875	(0.0117188, 1.19946)
step: 4	0.25	(0.0234375, 1.27443)
step: 5	0.3125	(0.0390625, 1.35408)
step: 6	0.375	(0.0585938, 1.43871)
step: 7	0.4375	(0.0820313, 1.52863)
step: 8	0.5	(0.109375, 1.62417)
step: 9	0.5625	(0.140625, 1.72568)
step: 10	0.625	(0.175781, 1.83354)
step: 11	0.6875	(0.214844, 1.94813)
step: 12	0.75	(0.257813, 2.06989)
step: 13	0.8125	(0.304688, 2.19926)
step: 14	0.875	(0.355469, 2.33671)
step: 15	0.9375	(0.410156, 2.48276)
step: 16	1	(0.46875, 2.63793)
