step: 0	0	(0, 1)
step: 1	0.0015625	(0, 1.00156)
step: 2	0.003125	(2.44141e-06, 1.00313)
step: 3	0.0046875	(7.32422e-06, 1.00469)
step: 4	0.00625	(1.46484e-05, 1.00626)
step: 5	0.0078125	(2.44141e-05, 1.00784)
step: 6	0.009375	(3.66211e-05, 1.00941)
step: 7	0.0109375	(5.12695e-05, 1.01099)
step: 8	0.0125	(6.83594e-05, 1.01257)
step: 9	0.0140625	(8.78906e-05, 1.01415)
step: 10	0.015625	(0.000109863, 1.01574)
step: 11	0.0171875	(0.000134277, 1.01732)
step: 12	0.01875	(0.000161133, 1.01891)
step: 13	0.0203125	(0.00019043, 1.0205)
step: 14	0.021875	(0.000222168, 1.0221)
step: 15	0.0234375	(0.000256348, 1.0237)
step: 16	0.025	(0.000292969, 1.0253)
step: 17	0.0265625	(0.000332031, 1.0269)
step: 18	0.028125	(0.000373535, 1.0285)
step: 19	0.0296875	(0.00041748, 1.03011)
step: 20	0.03125	(0.000463867, 1.03172)
step: 21	0.0328125	(0.000512695, 1.03333)
step: 22	0.034375	(0.000563965, 1.03494)
step: 23	0.0359375	(0.000617676, 1.03656)
step: 24	0.0375	(0.000673828, 1.03818)
step: 25	0.0390625	(0.000732422, 1.0398)
step: 26	0.040625	(0.000793457, 1.04143)
step: 27	0.0421875	(0.000856934, 1.04306)
step: 28	0.04375	(0.000922852, 1.04469)
step: 29	0.0453125	(0.000991211, 1.04632)
step: 30	0.046875	(0.00106201, 1.04795)
step: 31	0.0484375	(0.00113525, 1.04959)
step: 32	0.05	(0.00121094, 1.05123)
step: 33	0.0515625	(0.00128906, 1.05287)
step: 34	0.053125	(0.00136963, 1.05452)
step: 35	0.0546875	(0.00145264, 1.05617)
step: 36	0.05625	(0.00153809, 1.05782)
step: 37	0.0578125	(0.00162598, 1.05947)
step: 38	0.059375	(0.00171631, 1.06112)
step: 39	0.0609375	(0.00180908, 1.06278)
step: 40	0.0625	(0.0019043, 1.06444)
step: 41	0.0640625	(0.00200195, 1.06611)
step: 42	0.065625	(0.00210205, 1.06777)
step: 43	0.0671875	(0.00220459, 1.06944)
step: 44	0.06875	(0.00230957, 1.07111)
step: 45	0.0703125	(0.00241699, 1.07278)
step: 46	0.071875	(0.00252686, 1.07446)
step: 47	0.0734375	(0.00263916, 1.07614)
step: 48	0.075	(0.00275391, 1.07782)
step: 49	0.0765625	(0.00287109, 1.07951)
step: 50	0.078125	(0.00299072, 1.08119)
step: 51	0.0796875	(0.00311279, 1.08288)
step: 52	0.08125	(0.0032373, 1.08457)
step: 53	0.0828125	(0.00336426, 1.08627)
step: 54	0.084375	(0.00349365, 1.08797)
step: 55	0.0859375	(0.00362549, 1.08967)
step: 56	0.0875	(0.00375977, 1.09137)
step: 57	0.0890625	(0.00389648, 1.09307)
step: 58	0.090625	(0.00403564, 1.09478)
step: 59	0.0921875	(0.00417725, 1.09649)
step: 60	0.09375	(0.00432129, 1.0982)
step: 61	0.0953125	(0.00446777, 1.09992)
step: 62	0.096875	(0.0046167, 1.10164)
step: 63	0.0984375	(0.00476807, 1.10336)
step: 64	0.1	(0.00492188, 1.10508)
step: 65	0.101563	(0.00507813, 1.10681)
step: 66	0.103125	(0.00523682, 1.10854)
step: 67	0.104688	(0.00539795, 1.11027)
step: 68	0.10625	(0.00556152, 1.11201)
step: 69	0.107813	(0.00572754, 1.11375)
step: 70	0.109375	(0.005896, 1.11549)
step: 71	0.110938	(0.00606689, 1.11723)
step: 72	0.1125	(0.00624023, 1.11897)
step: 73	0.114063	(0.00641602, 1.12072)
step: 74	0.115625	(0.00659424, 1.12247)
step: 75	0.117188	(0.0067749, 1.12423)
step: 76	0.11875	(0.00695801, 1.12598)
step: 77	0.120313	(0.00714355, 1.12774)
step: 78	0.121875	(0.00733154, 1.12951)
step: 79	0.123438	(0.00752197, 1.13127)
step: 80	0.125	(0.00771484, 1.13304)
step: 81	0.126562	(0.00791016, 1.13481)
step: 82	0.128125	(0.00810791, 1.13658)
step: 83	0.129688	(0.00830811, 1.13836)
step: 84	0.13125	(0.00851074, 1.14014)
step: 85	0.132813	(0.00871582, 1.14192)
step: 86	0.134375	(0.00892334, 1.1437)
step: 87	0.135938	(0.0091333, 1.14549)
step: 88	0.1375	(0.0093457, 1.14728)
step: 89	0.139063	(0.00956055, 1.14907)
step: 90	0.140625	(0.00977783, 1.15087)
step: 91	0.142187	(0.00999756, 1.15266)
step: 92	0.14375	(0.0102197, 1.15447)
step: 93	0.145313	(0.0104443, 1.15627)
step: 94	0.146875	(0.0106714, 1.15808)
step: 95	0.148438	(0.0109009, 1.15989)
step: 96	0.15	(0.0111328, 1.1617)
step: 97	0.151563	(0.0113672, 1.16351)
step: 98	0.153125	(0.011604, 1.16533)
step: 99	0.154688	(0.0118433, 1.16715)
step: 100	0.15625	(0.012085, 1.16898)
step: 101	0.157813	(0.0123291, 1.1708)
step: 102	0.159375	(0.0125757, 1.17263)
step: 103	0.160938	(0.0128247, 1.17446)
step: 104	0.1625	(0.0130762, 1.1763)
step: 105	0.164063	(0.0133301, 1.17814)
step: 106	0.165625	(0.0135864, 1.17998)
step: 107	0.167188	(0.0138452, 1.18182)
step: 108	0.16875	(0.0141064, 1.18367)
step: 109	0.170313	(0.0143701, 1.18552)
step: 110	0.171875	(0.0146362, 1.18737)
step: 111	0.173438	(0.0149048, 1.18923)
step: 112	0.175	(0.0151758, 1.19108)
step: 113	0.176563	(0.0154492, 1.19294)
step: 114	0.178125	(0.0157251, 1.19481)
step: 115	0.179688	(0.0160034, 1.19668)
step: 116	0.18125	(0.0162842, 1.19855)
step: 117	0.182813	(0.0165674, 1.20042)
step: 118	0.184375	(0.016853, 1.20229)
step: 119	0.185938	(0.0171411, 1.20417)
step: 120	0.1875	(0.0174316, 1.20605)
step: 121	0.189063	(0.0177246, 1.20794)
step: 122	0.190625	(0.01802, 1.20983)
step: 123	0.192188	(0.0183179, 1.21172)
step: 124	0.19375	(0.0186182, 1.21361)
step: 125	0.195313	(0.0189209, 1.21551)
step: 126	0.196875	(0.0192261, 1.2174)
step: 127	0.198438	(0.0195337, 1.21931)
step: 128	0.2	(0.0198438, 1.22121)
step: 129	0.201563	(0.0201563, 1.22312)
step: 130	0.203125	(0.0204712, 1.22503)
step: 131	0.204688	(0.0207886, 1.22695)
step: 132	0.20625	(0.0211084, 1.22886)
step: 133	0.207813	(0.0214307, 1.23078)
step: 134	0.209375	(0.0217554, 1.23271)
step: 135	0.210938	(0.0220825, 1.23463)
step: 136	0.2125	(0.0224121, 1.23656)
step: 137	0.214063	(0.0227441, 1.23849)
step: 138	0.215625	(0.0230786, 1.24043)
step: 139	0.217188	(0.0234155, 1.24237)
step: 140	0.21875	(0.0237549, 1.24431)
step: 141	0.220313	(0.0240967, 1.24625)
step: 142	0.221875	(0.0244409, 1.2482)
step: 143	0.223438	(0.0247876, 1.25015)
step: 144	0.225	(0.0251367, 1.2521)
step: 145	0.226563	(0.0254883, 1.25406)
step: 146	0.228125	(0.0258423, 1.25602)
step: 147	0.229688	(0.0261987, 1.25798)
step: 148	0.23125	(0.0265576, 1.25995)
step: 149	0.232813	(0.0269189, 1.26192)
step: 150	0.234375	(0.0272827, 1.26389)
step: 151	0.235938	(0.0276489, 1.26586)
step: 152	0.2375	(0.0280176, 1.26784)
step: 153	0.239063	(0.0283887, 1.26982)
step: 154	0.240625	(0.0287622, 1.27181)
step: 155	0.242188	(0.0291382, 1.27379)
step: 156	0.24375	(0.0295166, 1.27578)
step: 157	0.245313	(0.0298975, 1.27778)
step: 158	0.246875	(0.0302808, 1.27977)
step: 159	0.248438	(0.0306665, 1.28177)
step: 160	0.25	(0.0310547, 1.28377)
step: 161	0.251563	(0.0314453, 1.28578)
step: 162	0.253125	(0.0318384, 1.28779)
step: 163	0.254688	(0.0322339, 1.2898)
step: 164	0.25625	(0.0326318, 1.29182)
step: 165	0.257813	(0.0330322, 1.29384)
step: 166	0.259375	(0.0334351, 1.29586)
step: 167	0.260937	(0.0338403, 1.29788)
step: 168	0.2625	(0.034248, 1.29991)
step: 169	0.264063	(0.0346582, 1.30194)
step: 170	0.265625	(0.0350708, 1.30398)
step: 171	0.267188	(0.0354858, 1.30601)
step: 172	0.26875	(0.0359033, 1.30805)
step: 173	0.270313	(0.0363232, 1.3101)
step: 174	0.271875	(0.0367456, 1.31214)
step: 175	0.273438	(0.0371704, 1.31419)
step: 176	0.275	(0.0375977, 1.31625)
step: 177	0.276562	(0.0380273, 1.3183)
step: 178	0.278125	(0.0384595, 1.32036)
step: 179	0.279688	(0.038894, 1.32243)
step: 180	0.28125	(0.0393311, 1.32449)
step: 181	0.282813	(0.0397705, 1.32656)
step: 182	0.284375	(0.0402124, 1.32864)
step: 183	0.285938	(0.0406567, 1.33071)
step: 184	0.2875	(0.0411035, 1.33279)
step: 185	0.289063	(0.0415527, 1.33487)
step: 186	0.290625	(0.0420044, 1.33696)
step: 187	0.292187	(0.0424585, 1.33905)
step: 188	0.29375	(0.042915, 1.34114)
step: 189	0.295313	(0.043374, 1.34324)
step: 190	0.296875	(0.0438354, 1.34534)
step: 191	0.298438	(0.0442993, 1.34744)
step: 192	0.3	(0.0447656, 1.34954)
step: 193	0.301563	(0.0452344, 1.35165)
step: 194	0.303125	(0.0457056, 1.35376)
step: 195	0.304688	(0.0461792, 1.35588)
step: 196	0.30625	(0.0466553, 1.358)
step: 197	0.307813	(0.0471338, 1.36012)
step: 198	0.309375	(0.0476147, 1.36224)
step: 199	0.310938	(0.0480981, 1.36437)
step: 200	0.3125	(0.048584, 1.3665)
step: 201	0.314063	(0.0490723, 1.36864)
step: 202	0.315625	(0.049563, 1.37078)
step: 203	0.317188	(0.0500562, 1.37292)
step: 204	0.31875	(0.0505518, 1.37507)
step: 205	0.320313	(0.0510498, 1.37721)
step: 206	0.321875	(0.0515503, 1.37937)
step: 207	0.323438	(0.0520532, 1.38152)
step: 208	0.325	(0.0525586, 1.38368)
step: 209	0.326563	(0.0530664, 1.38584)
step: 210	0.328125	(0.0535767, 1.38801)
step: 211	0.329688	(0.0540894, 1.39018)
step: 212	0.33125	(0.0546045, 1.39235)
step: 213	0.332813	(0.0551221, 1.39452)
step: 214	0.334375	(0.0556421, 1.3967)
step: 215	0.335938	(0.0561646, 1.39888)
step: 216	0.3375	(0.0566895, 1.40107)
step: 217	0.339063	(0.0572168, 1.40326)
step: 218	0.340625	(0.0577466, 1.40545)
step: 219	0.342188	(0.0582788, 1.40765)
step: 220	0.34375	(0.0588135, 1.40985)
step: 221	0.345313	(0.0593506, 1.41205)
step: 222	0.346875	(0.0598901, 1.41426)
step: 223	0.348438	(0.0604321, 1.41647)
step: 224	0.35	(0.0609766, 1.41868)
step: 225	0.351563	(0.0615234, 1.4209)
step: 226	0.353125	(0.0620728, 1.42312)
step: 227	0.354688	(0.0626245, 1.42534)
step: 228	0.35625	(0.0631787, 1.42757)
step: 229	0.357813	(0.0637354, 1.4298)
step: 230	0.359375	(0.0642944, 1.43203)
step: 231	0.360938	(0.064856, 1.43427)
step: 232	0.3625	(0.0654199, 1.43651)
step: 233	0.364063	(0.0659863, 1.43876)
step: 234	0.365625	(0.0665552, 1.441)
step: 235	0.367188	(0.0671265, 1.44325)
step: 236	0.36875	(0.0677002, 1.44551)
step: 237	0.370313	(0.0682764, 1.44777)
step: 238	0.371875	(0.068855, 1.45003)
step: 239	0.373438	(0.069436, 1.4523)
step: 240	0.375	(0.0700195, 1.45457)
step: 241	0.376563	(0.0706055, 1.45684)
step: 242	0.378125	(0.0711938, 1.45911)
step: 243	0.379688	(0.0717847, 1.46139)
step: 244	0.38125	(0.0723779, 1.46368)
step: 245	0.382813	(0.0729736, 1.46597)
step: 246	0.384375	(0.0735718, 1.46826)
step: 247	0.385938	(0.0741724, 1.47055)
step: 248	0.3875	(0.0747754, 1.47285)
step: 249	0.389063	(0.0753809, 1.47515)
step: 250	0.390625	(0.0759888, 1.47745)
step: 251	0.392188	(0.0765991, 1.47976)
step: 252	0.39375	(0.0772119, 1.48207)
step: 253	0.395313	(0.0778271, 1.48439)
step: 254	0.396875	(0.0784448, 1.48671)
step: 255	0.398438	(0.0790649, 1.48903)
step: 256	0.4	(0.0796875, 1.49136)
step: 257	0.401563	(0.0803125, 1.49369)
step: 258	0.403125	(0.0809399, 1.49602)
step: 259	0.404688	(0.0815698, 1.49836)
step: 260	0.40625	(0.0822021, 1.5007)
step: 261	0.407813	(0.0828369, 1.50305)
step: 262	0.409375	(0.0834741, 1.5054)
step: 263	0.410938	(0.0841138, 1.50775)
step: 264	0.4125	(0.0847559, 1.5101)
step: 265	0.414063	(0.0854004, 1.51246)
step: 266	0.415625	(0.0860474, 1.51483)
step: 267	0.417188	(0.0866968, 1.51719)
step: 268	0.41875	(0.0873486, 1.51956)
step: 269	0.420313	(0.0880029, 1.52194)
step: 270	0.421875	(0.0886597, 1.52432)
step: 271	0.423438	(0.0893188, 1.5267)
step: 272	0.425	(0.0899805, 1.52908)
step: 273	0.426563	(0.0906445, 1.53147)
step: 274	0.428125	(0.091311, 1.53387)
step: 275	0.429688	(0.09198, 1.53626)
step: 276	0.43125	(0.0926514, 1.53866)
step: 277	0.432813	(0.0933252, 1.54107)
step: 278	0.434375	(0.0940015, 1.54347)
step: 279	0.435938	(0.0946802, 1.54589)
step: 280	0.4375	(0.0953613, 1.5483)
step: 281	0.439063	(0.0960449, 1.55072)
step: 282	0.440625	(0.096731, 1.55314)
step: 283	0.442188	(0.0974194, 1.55557)
step: 284	0.44375	(0.0981104, 1.558)
step: 285	0.445313	(0.0988037, 1.56044)
step: 286	0.446875	(0.0994995, 1.56287)
step: 287	0.448438	(0.100198, 1.56532)
step: 288	0.45	(0.100898, 1.56776)
step: 289	0.451563	(0.101602, 1.57021)
step: 290	0.453125	(0.102307, 1.57266)
step: 291	0.454688	(0.103015, 1.57512)
step: 292	0.45625	(0.103726, 1.57758)
step: 293	0.457813	(0.104438, 1.58005)
step: 294	0.459375	(0.105154, 1.58252)
step: 295	0.460938	(0.105872, 1.58499)
step: 296	0.4625	(0.106592, 1.58747)
step: 297	0.464063	(0.107314, 1.58995)
step: 298	0.465625	(0.10804, 1.59243)
step: 299	0.467188	(0.108767, 1.59492)
step: 300	0.46875	(0.109497, 1.59741)
step: 301	0.470313	(0.110229, 1.59991)
step: 302	0.471875	(0.110964, 1.60241)
step: 303	0.473438	(0.111702, 1.60491)
step: 304	0.475	(0.112441, 1.60742)
step: 305	0.476563	(0.113184, 1.60993)
step: 306	0.478125	(0.113928, 1.61245)
step: 307	0.479688	(0.114675, 1.61496)
step: 308	0.48125	(0.115425, 1.61749)
step: 309	0.482813	(0.116177, 1.62002)
step: 310	0.484375	(0.116931, 1.62255)
step: 311	0.485938	(0.117688, 1.62508)
step: 312	0.4875	(0.118447, 1.62762)
step: 313	0.489063	(0.119209, 1.63016)
step: 314	0.490625	(0.119973, 1.63271)
step: 315	0.492188	(0.12074, 1.63526)
step: 316	0.49375	(0.121509, 1.63782)
step: 317	0.495313	(0.12228, 1.64038)
step: 318	0.496875	(0.123054, 1.64294)
step: 319	0.498438	(0.123831, 1.64551)
step: 320	0.5	(0.124609, 1.64808)
step: 321	0.501563	(0.125391, 1.65065)
step: 322	0.503125	(0.126174, 1.65323)
step: 323	0.504688	(0.12696, 1.65582)
step: 324	0.50625	(0.127749, 1.6584)
step: 325	0.507813	(0.12854, 1.66099)
step: 326	0.509375	(0.129333, 1.66359)
step: 327	0.510938	(0.130129, 1.66619)
step: 328	0.5125	(0.130928, 1.66879)
step: 329	0.514062	(0.131729, 1.6714)
step: 330	0.515625	(0.132532, 1.67401)
step: 331	0.517188	(0.133337, 1.67663)
step: 332	0.51875	(0.134146, 1.67925)
step: 333	0.520313	(0.134956, 1.68187)
step: 334	0.521875	(0.135769, 1.6845)
step: 335	0.523438	(0.136584, 1.68713)
step: 336	0.525	(0.137402, 1.68977)
step: 337	0.526563	(0.138223, 1.69241)
step: 338	0.528125	(0.139045, 1.69505)
step: 339	0.529687	(0.139871, 1.6977)
step: 340	0.53125	(0.140698, 1.70035)
step: 341	0.532813	(0.141528, 1.70301)
step: 342	0.534375	(0.142361, 1.70567)
step: 343	0.535938	(0.143196, 1.70834)
step: 344	0.5375	(0.144033, 1.711)
step: 345	0.539063	(0.144873, 1.71368)
step: 346	0.540625	(0.145715, 1.71636)
step: 347	0.542188	(0.14656, 1.71904)
step: 348	0.54375	(0.147407, 1.72172)
step: 349	0.545312	(0.148257, 1.72441)
step: 350	0.546875	(0.149109, 1.72711)
step: 351	0.548438	(0.149963, 1.72981)
step: 352	0.55	(0.15082, 1.73251)
step: 353	0.551563	(0.15168, 1.73522)
step: 354	0.553125	(0.152542, 1.73793)
step: 355	0.554688	(0.153406, 1.74064)
step: 356	0.55625	(0.154272, 1.74336)
step: 357	0.557813	(0.155142, 1.74609)
step: 358	0.559375	(0.156013, 1.74882)
step: 359	0.560937	(0.156887, 1.75155)
step: 360	0.5625	(0.157764, 1.75428)
step: 361	0.564063	(0.158643, 1.75703)
step: 362	0.565625	(0.159524, 1.75977)
step: 363	0.567188	(0.160408, 1.76252)
step: 364	0.56875	(0.161294, 1.76527)
step: 365	0.570313	(0.162183, 1.76803)
step: 366	0.571875	(0.163074, 1.7708)
step: 367	0.573438	(0.163967, 1.77356)
step: 368	0.575	(0.164863, 1.77633)
step: 369	0.576562	(0.165762, 1.77911)
step: 370	0.578125	(0.166663, 1.78189)
step: 371	0.579688	(0.167566, 1.78467)
step: 372	0.58125	(0.168472, 1.78746)
step: 373	0.582813	(0.16938, 1.79025)
step: 374	0.584375	(0.170291, 1.79305)
step: 375	0.585938	(0.171204, 1.79585)
step: 376	0.5875	(0.172119, 1.79866)
step: 377	0.589063	(0.173037, 1.80147)
step: 378	0.590625	(0.173958, 1.80428)
step: 379	0.592187	(0.17488, 1.8071)
step: 380	0.59375	(0.175806, 1.80993)
step: 381	0.595313	(0.176733, 1.81276)
step: 382	0.596875	(0.177664, 1.81559)
step: 383	0.598438	(0.178596, 1.81842)
step: 384	0.6	(0.179531, 1.82127)
step: 385	0.601563	(0.180469, 1.82411)
step: 386	0.603125	(0.181409, 1.82696)
step: 387	0.604688	(0.182351, 1.82982)
step: 388	0.60625	(0.183296, 1.83268)
step: 389	0.607813	(0.184243, 1.83554)
step: 390	0.609375	(0.185193, 1.83841)
step: 391	0.610938	(0.186145, 1.84128)
step: 392	0.6125	(0.1871, 1.84416)
step: 393	0.614063	(0.188057, 1.84704)
step: 394	0.615625	(0.189016, 1.84992)
step: 395	0.617188	(0.189978, 1.85281)
step: 396	0.61875	(0.190942, 1.85571)
step: 397	0.620313	(0.191909, 1.85861)
step: 398	0.621875	(0.192878, 1.86151)
step: 399	0.623438	(0.19385, 1.86442)
step: 400	0.625	(0.194824, 1.86733)
step: 401	0.626563	(0.195801, 1.87025)
step: 402	0.628125	(0.19678, 1.87317)
step: 403	0.629688	(0.197761, 1.8761)
step: 404	0.63125	(0.198745, 1.87903)
step: 405	0.632813	(0.199731, 1.88197)
step: 406	0.634375	(0.20072, 1.88491)
step: 407	0.635938	(0.201711, 1.88785)
step: 408	0.6375	(0.202705, 1.8908)
step: 409	0.639063	(0.203701, 1.89376)
step: 410	0.640625	(0.2047, 1.89672)
step: 411	0.642188	(0.205701, 1.89968)
step: 412	0.64375	(0.206704, 1.90265)
step: 413	0.645313	(0.20771, 1.90562)
step: 414	0.646875	(0.208718, 1.9086)
step: 415	0.648438	(0.209729, 1.91158)
step: 416	0.65	(0.210742, 1.91457)
step: 417	0.651563	(0.211758, 1.91756)
step: 418	0.653125	(0.212776, 1.92056)
step: 419	0.654688	(0.213796, 1.92356)
step: 420	0.65625	(0.214819, 1.92656)
step: 421	0.657813	(0.215845, 1.92957)
step: 422	0.659375	(0.216873, 1.93259)
step: 423	0.660938	(0.217903, 1.93561)
step: 424	0.6625	(0.218936, 1.93863)
step: 425	0.664063	(0.219971, 1.94166)
step: 426	0.665625	(0.221008, 1.9447)
step: 427	0.667188	(0.222048, 1.94773)
step: 428	0.66875	(0.223091, 1.95078)
step: 429	0.670313	(0.224136, 1.95383)
step: 430	0.671875	(0.225183, 1.95688)
step: 431	0.673438	(0.226233, 1.95994)
step: 432	0.675	(0.227285, 1.963)
step: 433	0.676563	(0.22834, 1.96607)
step: 434	0.678125	(0.229397, 1.96914)
step: 435	0.679688	(0.230457, 1.97221)
step: 436	0.68125	(0.231519, 1.9753)
step: 437	0.682813	(0.232583, 1.97838)
step: 438	0.684375	(0.23365, 1.98147)
step: 439	0.685938	(0.234719, 1.98457)
step: 440	0.6875	(0.235791, 1.98767)
step: 441	0.689063	(0.236865, 1.99078)
step: 442	0.690625	(0.237942, 1.99389)
step: 443	0.692188	(0.239021, 1.997)
step: 444	0.69375	(0.240103, 2.00012)
step: 445	0.695313	(0.241187, 2.00325)
step: 446	0.696875	(0.242273, 2.00638)
step: 447	0.698438	(0.243362, 2.00951)
step: 448	0.7	(0.244453, 2.01265)
step: 449	0.701563	(0.245547, 2.0158)
step: 450	0.703125	(0.246643, 2.01895)
step: 451	0.704688	(0.247742, 2.0221)
step: 452	0.70625	(0.248843, 2.02526)
step: 453	0.707813	(0.249946, 2.02843)
step: 454	0.709375	(0.251052, 2.0316)
step: 455	0.710938	(0.252161, 2.03477)
step: 456	0.7125	(0.253271, 2.03795)
step: 457	0.714063	(0.254385, 2.04113)
step: 458	0.715625	(0.2555, 2.04432)
step: 459	0.717188	(0.256619, 2.04752)
step: 460	0.71875	(0.257739, 2.05072)
step: 461	0.720313	(0.258862, 2.05392)
step: 462	0.721875	(0.259988, 2.05713)
step: 463	0.723438	(0.261116, 2.06034)
step: 464	0.725	(0.262246, 2.06356)
step: 465	0.726563	(0.263379, 2.06679)
step: 466	0.728125	(0.264514, 2.07002)
step: 467	0.729688	(0.265652, 2.07325)
step: 468	0.73125	(0.266792, 2.07649)
step: 469	0.732813	(0.267935, 2.07974)
step: 470	0.734375	(0.26908, 2.08298)
step: 471	0.735938	(0.270227, 2.08624)
step: 472	0.7375	(0.271377, 2.0895)
step: 473	0.739063	(0.272529, 2.09276)
step: 474	0.740625	(0.273684, 2.09603)
step: 475	0.742188	(0.274841, 2.09931)
step: 476	0.74375	(0.276001, 2.10259)
step: 477	0.745313	(0.277163, 2.10587)
step: 478	0.746875	(0.278328, 2.10916)
step: 479	0.748438	(0.279495, 2.11246)
step: 480	0.75	(0.280664, 2.11576)
step: 481	0.751563	(0.281836, 2.11907)
step: 482	0.753125	(0.28301, 2.12238)
step: 483	0.754688	(0.284187, 2.12569)
step: 484	0.75625	(0.285366, 2.12902)
step: 485	0.757813	(0.286548, 2.13234)
step: 486	0.759375	(0.287732, 2.13567)
step: 487	0.760938	(0.288918, 2.13901)
step: 488	0.7625	(0.290107, 2.14235)
step: 489	0.764063	(0.291299, 2.1457)
step: 490	0.765625	(0.292493, 2.14905)
step: 491	0.767188	(0.293689, 2.15241)
step: 492	0.76875	(0.294888, 2.15577)
step: 493	0.770313	(0.296089, 2.15914)
step: 494	0.771875	(0.297292, 2.16252)
step: 495	0.773438	(0.298499, 2.1659)
step: 496	0.775	(0.299707, 2.16928)
step: 497	0.776563	(0.300918, 2.17267)
step: 498	0.778125	(0.302131, 2.17606)
step: 499	0.779688	(0.303347, 2.17946)
step: 500	0.78125	(0.304565, 2.18287)
step: 501	0.782813	(0.305786, 2.18628)
step: 502	0.784375	(0.307009, 2.1897)
step: 503	0.785938	(0.308235, 2.19312)
step: 504	0.7875	(0.309463, 2.19654)
step: 505	0.789063	(0.310693, 2.19998)
step: 506	0.790625	(0.311926, 2.20341)
step: 507	0.792188	(0.313162, 2.20686)
step: 508	0.79375	(0.314399, 2.21031)
step: 509	0.795313	(0.31564, 2.21376)
step: 510	0.796875	(0.316882, 2.21722)
step: 511	0.798438	(0.318127, 2.22068)
step: 512	0.8	(0.319375, 2.22415)
step: 513	0.801563	(0.320625, 2.22763)
step: 514	0.803125	(0.321877, 2.23111)
step: 515	0.804688	(0.323132, 2.23459)
step: 516	0.80625	(0.32439, 2.23809)
step: 517	0.807813	(0.325649, 2.24158)
step: 518	0.809375	(0.326912, 2.24508)
step: 519	0.810938	(0.328176, 2.24859)
step: 520	0.8125	(0.329443, 2.25211)
step: 521	0.814063	(0.330713, 2.25563)
step: 522	0.815625	(0.331985, 2.25915)
step: 523	0.817188	(0.333259, 2.26268)
step: 524	0.81875	(0.334536, 2.26621)
step: 525	0.820313	(0.335815, 2.26976)
step: 526	0.821875	(0.337097, 2.2733)
step: 527	0.823438	(0.338381, 2.27685)
step: 528	0.825	(0.339668, 2.28041)
step: 529	0.826563	(0.340957, 2.28398)
step: 530	0.828125	(0.342249, 2.28754)
step: 531	0.829688	(0.343542, 2.29112)
step: 532	0.83125	(0.344839, 2.2947)
step: 533	0.832813	(0.346138, 2.29828)
step: 534	0.834375	(0.347439, 2.30187)
step: 535	0.835938	(0.348743, 2.30547)
step: 536	0.8375	(0.350049, 2.30907)
step: 537	0.839063	(0.351357, 2.31268)
step: 538	0.840625	(0.352668, 2.3163)
step: 539	0.842188	(0.353982, 2.31991)
step: 540	0.84375	(0.355298, 2.32354)
step: 541	0.845313	(0.356616, 2.32717)
step: 542	0.846875	(0.357937, 2.33081)
step: 543	0.848438	(0.35926, 2.33445)
step: 544	0.85	(0.360586, 2.3381)
step: 545	0.851563	(0.361914, 2.34175)
step: 546	0.853125	(0.363245, 2.34541)
step: 547	0.854688	(0.364578, 2.34907)
step: 548	0.85625	(0.365913, 2.35274)
step: 549	0.857813	(0.367251, 2.35642)
step: 550	0.859375	(0.368591, 2.3601)
step: 551	0.860938	(0.369934, 2.36379)
step: 552	0.8625	(0.371279, 2.36748)
step: 553	0.864063	(0.372627, 2.37118)
step: 554	0.865625	(0.373977, 2.37489)
step: 555	0.867188	(0.37533, 2.3786)
step: 556	0.86875	(0.376685, 2.38231)
step: 557	0.870313	(0.378042, 2.38604)
step: 558	0.871875	(0.379402, 2.38976)
step: 559	0.873438	(0.380764, 2.3935)
step: 560	0.875	(0.382129, 2.39724)
step: 561	0.876563	(0.383496, 2.40098)
step: 562	0.878125	(0.384866, 2.40473)
step: 563	0.879688	(0.386238, 2.40849)
step: 564	0.88125	(0.387612, 2.41226)
step: 565	0.882813	(0.388989, 2.41602)
step: 566	0.884375	(0.390369, 2.4198)
step: 567	0.885938	(0.39175, 2.42358)
step: 568	0.8875	(0.393135, 2.42737)
step: 569	0.889063	(0.394521, 2.43116)
step: 570	0.890625	(0.395911, 2.43496)
step: 571	0.892188	(0.397302, 2.43876)
step: 572	0.89375	(0.398696, 2.44257)
step: 573	0.895313	(0.400093, 2.44639)
step: 574	0.896875	(0.401492, 2.45021)
step: 575	0.898438	(0.402893, 2.45404)
step: 576	0.9	(0.404297, 2.45788)
step: 577	0.901563	(0.405703, 2.46172)
step: 578	0.903125	(0.407112, 2.46556)
step: 579	0.904688	(0.408523, 2.46942)
step: 580	0.90625	(0.409937, 2.47327)
step: 581	0.907813	(0.411353, 2.47714)
step: 582	0.909375	(0.412771, 2.48101)
step: 583	0.910938	(0.414192, 2.48489)
step: 584	0.9125	(0.415615, 2.48877)
step: 585	0.914063	(0.417041, 2.49266)
step: 586	0.915625	(0.418469, 2.49655)
step: 587	0.917188	(0.4199, 2.50045)
step: 588	0.91875	(0.421333, 2.50436)
step: 589	0.920313	(0.422769, 2.50827)
step: 590	0.921875	(0.424207, 2.51219)
step: 591	0.923438	(0.425647, 2.51612)
step: 592	0.925	(0.42709, 2.52005)
step: 593	0.926563	(0.428535, 2.52399)
step: 594	0.928125	(0.429983, 2.52793)
step: 595	0.929688	(0.431433, 2.53188)
step: 596	0.93125	(0.432886, 2.53584)
step: 597	0.932813	(0.434341, 2.5398)
step: 598	0.934375	(0.435798, 2.54377)
step: 599	0.935938	(0.437258, 2.54774)
step: 600	0.9375	(0.438721, 2.55172)
step: 601	0.939063	(0.440186, 2.55571)
step: 602	0.940625	(0.441653, 2.5597)
step: 603	0.942188	(0.443123, 2.5637)
step: 604	0.94375	(0.444595, 2.56771)
step: 605	0.945313	(0.446069, 2.57172)
step: 606	0.946875	(0.447546, 2.57574)
step: 607	0.948438	(0.449026, 2.57976)
step: 608	0.95	(0.450508, 2.58379)
step: 609	0.951563	(0.451992, 2.58783)
step: 610	0.953125	(0.453479, 2.59187)
step: 611	0.954688	(0.454968, 2.59592)
step: 612	0.95625	(0.45646, 2.59998)
step: 613	0.957813	(0.457954, 2.60404)
step: 614	0.959375	(0.459451, 2.60811)
step: 615	0.960938	(0.46095, 2.61219)
step: 616	0.9625	(0.462451, 2.61627)
step: 617	0.964063	(0.463955, 2.62036)
step: 618	0.965625	(0.465461, 2.62445)
step: 619	0.967188	(0.46697, 2.62855)
step: 620	0.96875	(0.468481, 2.63266)
step: 621	0.970313	(0.469995, 2.63677)
step: 622	0.971875	(0.471511, 2.64089)
step: 623	0.973438	(0.47303, 2.64502)
step: 624	0.975	(0.474551, 2.64915)
step: 625	0.976563	(0.476074, 2.65329)
step: 626	0.978125	(0.4776, 2.65744)
step: 627	0.979688	(0.479128, 2.66159)
step: 628	0.98125	(0.480659, 2.66575)
step: 629	0.982813	(0.482192, 2.66991)
step: 630	0.984375	(0.483728, 2.67408)
step: 631	0.985938	(0.485266, 2.67826)
step: 632	0.9875	(0.486807, 2.68245)
step: 633	0.989063	(0.48835, 2.68664)
step: 634	0.990625	(0.489895, 2.69084)
step: 635	0.992188	(0.491443, 2.69504)
step: 636	0.99375	(0.492993, 2.69925)
step: 637	0.995313	(0.494546, 2.70347)
step: 638	0.996875	(0.496101, 2.70769)
step: 639	0.998438	(0.497659, 2.71192)
step: 640	1	(0.499219, 2.71616)
