step: 0	0	(0, 1)
step: 1	0.0125	(7.8125e-05, 1.01258)
step: 2	0.025	(0.0003125, 1.02532)
step: 3	0.0375	(0.000703125, 1.03821)
step: 4	0.05	(0.00125, 1.05127)
step: 5	0.0625	(0.00195313, 1.06449)
step: 6	0.075	(0.0028125, 1.07788)
step: 7	0.0875	(0.00382813, 1.09144)
step: 8	0.1	(0.005, 1.10517)
step: 9	0.1125	(0.00632813, 1.11907)
step: 10	0.125	(0.0078125, 1.13315)
step: 11	0.1375	(0.00945313, 1.1474)
step: 12	0.15	(0.01125, 1.16183)
step: 13	0.1625	(0.0132031, 1.17645)
step: 14	0.175	(0.0153125, 1.19125)
step: 15	0.1875	(0.0175781, 1.20623)
step: 16	0.2	(0.02, 1.2214)
step: 17	0.2125	(0.0225781, 1.23677)
step: 18	0.225	(0.0253125, 1.25232)
step: 19	0.2375	(0.0282031, 1.26807)
step: 20	0.25	(0.03125, 1.28403)
step: 21	0.2625	(0.0344531, 1.30018)
step: 22	0.275	(0.0378125, 1.31653)
step: 23	0.2875	(0.0413281, 1.33309)
step: 24	0.3	(0.045, 1.34986)
step: 25	0.3125	(0.0488281, 1.36684)
step: 26	0.325	(0.0528125, 1.38403)
step: 27	0.3375	(0.0569531, 1.40144)
step: 28	0.35	(0.06125, 1.41907)
step: 29	0.3625	(0.0657031, 1.43692)
step: 30	0.375	(0.0703125, 1.45499)
step: 31	0.3875	(0.0750781, 1.47329)
step: 32	0.4	(0.08, 1.49182)
step: 33	0.4125	(0.0850781, 1.51059)
step: 34	0.425	(0.0903125, 1.52959)
step: 35	0.4375	(0.0957031, 1.54883)
step: 36	0.45	(0.10125, 1.56831)
step: 37	0.4625	(0.106953, 1.58804)
step: 38	0.475	(0.112812, 1.60801)
step: 39	0.4875	(0.118828, 1.62824)
step: 40	0.5	(0.125, 1.64872)
step: 41	0.5125	(0.131328, 1.66946)
step: 42	0.525	(0.137812, 1.69046)
step: 43	0.5375	(0.144453, 1.71172)
step: 44	0.55	(0.15125, 1.73325)
step: 45	0.5625	(0.158203, 1.75505)
step: 46	0.575	(0.165312, 1.77713)
step: 47	0.5875	(0.172578, 1.79948)
step: 48	0.6	(0.18, 1.82212)
step: 49	0.6125	(0.187578, 1.84504)
step: 50	0.625	(0.195312, 1.86825)
step: 51	0.6375	(0.203203, 1.89175)
step: 52	0.65	(0.21125, 1.91554)
step: 53	0.6625	(0.219453, 1.93964)
step: 54	0.675	(0.227812, 1.96403)
step: 55	0.6875	(0.236328, 1.98874)
step: 56	0.7	(0.245, 2.01375)
step: 57	0.7125	(0.253828, 2.03908)
step: 58	0.725	(0.262812, 2.06473)
step: 59	0.7375	(0.271953, 2.0907)
step: 60	0.75	(0.28125, 2.117)
step: 61	0.7625	(0.290703, 2.14363)
step: 62	0.775	(0.300312, 2.17059)
step: 63	0.7875	(0.310078, 2.19789)
step: 64	0.8	(0.32, 2.22554)
step: 65	0.8125	(0.330078, 2.25353)
step: 66	0.825	(0.340312, 2.28188)
step: 67	0.8375	(0.350703, 2.31058)
step: 68	0.85	(0.36125, 2.33965)
step: 69	0.8625	(0.371953, 2.36908)
step: 70	0.875	(0.382812, 2.39888)
step: 71	0.8875	(0.393828, 2.42905)
step: 72	0.9	(0.405, 2.4596)
step: 73	0.9125	(0.416328, 2.49054)
step: 74	0.925	(0.427812, 2.52187)
step: 75	0.9375	(0.439453, 2.55359)
step: 76	0.95	(0.45125, 2.58571)
step: 77	0.9625	(0.463203, 2.61823)
step: 78	0.975	(0.475312, 2.65117)
step: 80	1	(0.487578, 2.68451)
