step: 0	0	(0, 1)
step: 1	0.000976563	(4.76837e-07, 1.00098)
step: 2	0.00195313	(1.90735e-06, 1.00196)
step: 3	0.00292969	(4.29153e-06, 1.00293)
step: 4	0.00390625	(7.62939e-06, 1.00391)
step: 5	0.00488281	(1.19209e-05, 1.00489)
step: 6	0.00585938	(1.71661e-05, 1.00588)
step: 7	0.00683594	(2.3365e-05, 1.00686)
step: 8	0.0078125	(3.05176e-05, 1.00784)
step: 9	0.00878906	(3.86238e-05, 1.00883)
step: 10	0.00976563	(4.76837e-05, 1.00981)
step: 11	0.0107422	(5.76973e-05, 1.0108)
step: 12	0.0117188	(6.86646e-05, 1.01179)
step: 13	0.0126953	(8.05855e-05, 1.01278)
step: 14	0.0136719	(9.34601e-05, 1.01377)
step: 15	0.0146484	(0.000107288, 1.01476)
step: 16	0.015625	(0.00012207, 1.01575)
step: 17	0.0166016	(0.000137806, 1.01674)
step: 18	0.0175781	(0.000154495, 1.01773)
step: 19	0.0185547	(0.000172138, 1.01873)
step: 20	0.0195313	(0.000190735, 1.01972)
step: 21	0.0205078	(0.000210285, 1.02072)
step: 22	0.0214844	(0.000230789, 1.02172)
step: 23	0.0224609	(0.000252247, 1.02272)
step: 24	0.0234375	(0.000274658, 1.02371)
step: 25	0.0244141	(0.000298023, 1.02471)
step: 26	0.0253906	(0.000322342, 1.02572)
step: 27	0.0263672	(0.000347614, 1.02672)
step: 28	0.0273438	(0.00037384, 1.02772)
step: 29	0.0283203	(0.00040102, 1.02873)
step: 30	0.0292969	(0.000429153, 1.02973)
step: 31	0.0302734	(0.000458241, 1.03074)
step: 32	0.03125	(0.000488281, 1.03174)
step: 33	0.0322266	(0.000519276, 1.03275)
step: 34	0.0332031	(0.000551224, 1.03376)
step: 35	0.0341797	(0.000584126, 1.03477)
step: 36	0.0351563	(0.000617981, 1.03578)
step: 37	0.0361328	(0.00065279, 1.03679)
step: 38	0.0371094	(0.000688553, 1.03781)
step: 39	0.0380859	(0.000725269, 1.03882)
step: 40	0.0390625	(0.000762939, 1.03984)
step: 41	0.0400391	(0.000801563, 1.04085)
step: 42	0.0410156	(0.000841141, 1.04187)
step: 43	0.0419922	(0.000881672, 1.04289)
step: 44	0.0429688	(0.000923157, 1.04391)
step: 45	0.0439453	(0.000965595, 1.04493)
step: 46	0.0449219	(0.00100899, 1.04595)
step: 47	0.0458984	(0.00105333, 1.04697)
step: 48	0.046875	(0.00109863, 1.04799)
step: 49	0.0478516	(0.00114489, 1.04901)
step: 50	0.0488281	(0.00119209, 1.05004)
step: 51	0.0498047	(0.00124025, 1.05107)
step: 52	0.0507813	(0.00128937, 1.05209)
step: 53	0.0517578	(0.00133944, 1.05312)
step: 54	0.0527344	(0.00139046, 1.05415)
step: 55	0.0537109	(0.00144243, 1.05518)
step: 56	0.0546875	(0.00149536, 1.05621)
step: 57	0.0556641	(0.00154924, 1.05724)
step: 58	0.0566406	(0.00160408, 1.05828)
step: 59	0.0576172	(0.00165987, 1.05931)
step: 60	0.0585938	(0.00171661, 1.06034)
step: 61	0.0595703	(0.00177431, 1.06138)
step: 62	0.0605469	(0.00183296, 1.06242)
step: 63	0.0615234	(0.00189257, 1.06346)
step: 64	0.0625	(0.00195313, 1.06449)
step: 65	0.0634766	(0.00201464, 1.06553)
step: 66	0.0644531	(0.0020771, 1.06658)
step: 67	0.0654297	(0.00214052, 1.06762)
step: 68	0.0664063	(0.0022049, 1.06866)
step: 69	0.0673828	(0.00227022, 1.0697)
step: 70	0.0683594	(0.0023365, 1.07075)
step: 71	0.0693359	(0.00240374, 1.0718)
step: 72	0.0703125	(0.00247192, 1.07284)
step: 73	0.0712891	(0.00254107, 1.07389)
step: 74	0.0722656	(0.00261116, 1.07494)
step: 75	0.0732422	(0.00268221, 1.07599)
step: 76	0.0742188	(0.00275421, 1.07704)
step: 77	0.0751953	(0.00282717, 1.07809)
step: 78	0.0761719	(0.00290108, 1.07915)
step: 79	0.0771484	(0.00297594, 1.0802)
step: 80	0.078125	(0.00305176, 1.08126)
step: 81	0.0791016	(0.00312853, 1.08231)
step: 82	0.0800781	(0.00320625, 1.08337)
step: 83	0.0810547	(0.00328493, 1.08443)
step: 84	0.0820313	(0.00336456, 1.08549)
step: 85	0.0830078	(0.00344515, 1.08655)
step: 86	0.0839844	(0.00352669, 1.08761)
step: 87	0.0849609	(0.00360918, 1.08867)
step: 88	0.0859375	(0.00369263, 1.08974)
step: 89	0.0869141	(0.00377703, 1.0908)
step: 90	0.0878906	(0.00386238, 1.09187)
step: 91	0.0888672	(0.00394869, 1.09294)
step: 92	0.0898438	(0.00403595, 1.094)
step: 93	0.0908203	(0.00412416, 1.09507)
step: 94	0.0917969	(0.00421333, 1.09614)
step: 95	0.0927734	(0.00430346, 1.09721)
step: 96	0.09375	(0.00439453, 1.09829)
step: 97	0.0947266	(0.00448656, 1.09936)
step: 98	0.0957031	(0.00457954, 1.10043)
step: 99	0.0966797	(0.00467348, 1.10151)
step: 100	0.0976563	(0.00476837, 1.10258)
step: 101	0.0986328	(0.00486422, 1.10366)
step: 102	0.0996094	(0.00496101, 1.10474)
step: 103	0.100586	(0.00505877, 1.10582)
step: 104	0.101563	(0.00515747, 1.1069)
step: 105	0.102539	(0.00525713, 1.10798)
step: 106	0.103516	(0.00535774, 1.10906)
step: 107	0.104492	(0.00545931, 1.11015)
step: 108	0.105469	(0.00556183, 1.11123)
step: 109	0.106445	(0.0056653, 1.11232)
step: 110	0.107422	(0.00576973, 1.1134)
step: 111	0.108398	(0.00587511, 1.11449)
step: 112	0.109375	(0.00598145, 1.11558)
step: 113	0.110352	(0.00608873, 1.11667)
step: 114	0.111328	(0.00619698, 1.11776)
step: 115	0.112305	(0.00630617, 1.11885)
step: 116	0.113281	(0.00641632, 1.11995)
step: 117	0.114258	(0.00652742, 1.12104)
step: 118	0.115234	(0.00663948, 1.12214)
step: 119	0.116211	(0.00675249, 1.12323)
step: 120	0.117188	(0.00686646, 1.12433)
step: 121	0.118164	(0.00698137, 1.12543)
step: 122	0.119141	(0.00709724, 1.12653)
step: 123	0.120117	(0.00721407, 1.12763)
step: 124	0.121094	(0.00733185, 1.12873)
step: 125	0.12207	(0.00745058, 1.12983)
step: 126	0.123047	(0.00757027, 1.13094)
step: 127	0.124023	(0.00769091, 1.13204)
step: 128	0.125	(0.0078125, 1.13315)
step: 129	0.125977	(0.00793505, 1.13426)
step: 130	0.126953	(0.00805855, 1.13536)
step: 131	0.12793	(0.008183, 1.13647)
step: 132	0.128906	(0.00830841, 1.13758)
step: 133	0.129883	(0.00843477, 1.13869)
step: 134	0.130859	(0.00856209, 1.13981)
step: 135	0.131836	(0.00869036, 1.14092)
step: 136	0.132813	(0.00881958, 1.14204)
step: 137	0.133789	(0.00894976, 1.14315)
step: 138	0.134766	(0.00908089, 1.14427)
step: 139	0.135742	(0.00921297, 1.14539)
step: 140	0.136719	(0.00934601, 1.14651)
step: 141	0.137695	(0.00948, 1.14763)
step: 142	0.138672	(0.00961494, 1.14875)
step: 143	0.139648	(0.00975084, 1.14987)
step: 144	0.140625	(0.0098877, 1.15099)
step: 145	0.141602	(0.0100255, 1.15212)
step: 146	0.142578	(0.0101643, 1.15324)
step: 147	0.143555	(0.010304, 1.15437)
step: 148	0.144531	(0.0104446, 1.1555)
step: 149	0.145508	(0.0105863, 1.15663)
step: 150	0.146484	(0.0107288, 1.15776)
step: 151	0.147461	(0.0108724, 1.15889)
step: 152	0.148438	(0.0110168, 1.16002)
step: 153	0.149414	(0.0111623, 1.16115)
step: 154	0.150391	(0.0113087, 1.16229)
step: 155	0.151367	(0.011456, 1.16342)
step: 156	0.152344	(0.0116043, 1.16456)
step: 157	0.15332	(0.0117536, 1.1657)
step: 158	0.154297	(0.0119038, 1.16684)
step: 159	0.155273	(0.0120549, 1.16798)
step: 160	0.15625	(0.012207, 1.16912)
step: 161	0.157227	(0.0123601, 1.17026)
step: 162	0.158203	(0.0125141, 1.1714)
step: 163	0.15918	(0.0126691, 1.17255)
step: 164	0.160156	(0.012825, 1.17369)
step: 165	0.161133	(0.0129819, 1.17484)
step: 166	0.162109	(0.0131397, 1.17599)
step: 167	0.163086	(0.0132985, 1.17714)
step: 168	0.164063	(0.0134583, 1.17829)
step: 169	0.165039	(0.0136189, 1.17944)
step: 170	0.166016	(0.0137806, 1.18059)
step: 171	0.166992	(0.0139432, 1.18175)
step: 172	0.167969	(0.0141068, 1.1829)
step: 173	0.168945	(0.0142713, 1.18406)
step: 174	0.169922	(0.0144367, 1.18521)
step: 175	0.170898	(0.0146031, 1.18637)
step: 176	0.171875	(0.0147705, 1.18753)
step: 177	0.172852	(0.0149388, 1.18869)
step: 178	0.173828	(0.0151081, 1.18985)
step: 179	0.174805	(0.0152783, 1.19101)
step: 180	0.175781	(0.0154495, 1.19218)
step: 181	0.176758	(0.0156217, 1.19334)
step: 182	0.177734	(0.0157948, 1.19451)
step: 183	0.178711	(0.0159688, 1.19568)
step: 184	0.179688	(0.0161438, 1.19684)
step: 185	0.180664	(0.0163198, 1.19801)
step: 186	0.181641	(0.0164967, 1.19918)
step: 187	0.182617	(0.0166745, 1.20035)
step: 188	0.183594	(0.0168533, 1.20153)
step: 189	0.18457	(0.0170331, 1.2027)
step: 190	0.185547	(0.0172138, 1.20388)
step: 191	0.186523	(0.0173955, 1.20505)
step: 192	0.1875	(0.0175781, 1.20623)
step: 193	0.188477	(0.0177617, 1.20741)
step: 194	0.189453	(0.0179462, 1.20859)
step: 195	0.19043	(0.0181317, 1.20977)
step: 196	0.191406	(0.0183182, 1.21095)
step: 197	0.192383	(0.0185056, 1.21213)
step: 198	0.193359	(0.0186939, 1.21332)
step: 199	0.194336	(0.0188832, 1.2145)
step: 200	0.195313	(0.0190735, 1.21569)
step: 201	0.196289	(0.0192647, 1.21688)
step: 202	0.197266	(0.0194569, 1.21807)
step: 203	0.198242	(0.01965, 1.21926)
step: 204	0.199219	(0.0198441, 1.22045)
step: 205	0.200195	(0.0200391, 1.22164)
step: 206	0.201172	(0.0202351, 1.22283)
step: 207	0.202148	(0.020432, 1.22403)
step: 208	0.203125	(0.0206299, 1.22523)
step: 209	0.204102	(0.0208287, 1.22642)
step: 210	0.205078	(0.0210285, 1.22762)
step: 211	0.206055	(0.0212293, 1.22882)
step: 212	0.207031	(0.021431, 1.23002)
step: 213	0.208008	(0.0216336, 1.23122)
step: 214	0.208984	(0.0218372, 1.23243)
step: 215	0.209961	(0.0220418, 1.23363)
step: 216	0.210938	(0.0222473, 1.23484)
step: 217	0.211914	(0.0224538, 1.23604)
step: 218	0.212891	(0.0226612, 1.23725)
step: 219	0.213867	(0.0228696, 1.23846)
step: 220	0.214844	(0.0230789, 1.23967)
step: 221	0.21582	(0.0232892, 1.24088)
step: 222	0.216797	(0.0235004, 1.24209)
step: 223	0.217773	(0.0237126, 1.24331)
step: 224	0.21875	(0.0239258, 1.24452)
step: 225	0.219727	(0.0241399, 1.24574)
step: 226	0.220703	(0.0243549, 1.24695)
step: 227	0.22168	(0.0245709, 1.24817)
step: 228	0.222656	(0.0247879, 1.24939)
step: 229	0.223633	(0.0250058, 1.25061)
step: 230	0.224609	(0.0252247, 1.25183)
step: 231	0.225586	(0.0254445, 1.25306)
step: 232	0.226563	(0.0256653, 1.25428)
step: 233	0.227539	(0.025887, 1.25551)
step: 234	0.228516	(0.0261097, 1.25673)
step: 235	0.229492	(0.0263333, 1.25796)
step: 236	0.230469	(0.0265579, 1.25919)
step: 237	0.231445	(0.0267835, 1.26042)
step: 238	0.232422	(0.02701, 1.26165)
step: 239	0.233398	(0.0272374, 1.26288)
step: 240	0.234375	(0.0274658, 1.26412)
step: 241	0.235352	(0.0276952, 1.26535)
step: 242	0.236328	(0.0279255, 1.26659)
step: 243	0.237305	(0.0281568, 1.26783)
step: 244	0.238281	(0.028389, 1.26907)
step: 245	0.239258	(0.0286222, 1.27031)
step: 246	0.240234	(0.0288563, 1.27155)
step: 247	0.241211	(0.0290914, 1.27279)
step: 248	0.242188	(0.0293274, 1.27403)
step: 249	0.243164	(0.0295644, 1.27528)
step: 250	0.244141	(0.0298023, 1.27652)
step: 251	0.245117	(0.0300412, 1.27777)
step: 252	0.246094	(0.0302811, 1.27902)
step: 253	0.24707	(0.0305219, 1.28027)
step: 254	0.248047	(0.0307636, 1.28152)
step: 255	0.249023	(0.0310063, 1.28277)
step: 256	0.25	(0.03125, 1.28403)
step: 257	0.250977	(0.0314946, 1.28528)
step: 258	0.251953	(0.0317402, 1.28654)
step: 259	0.25293	(0.0319867, 1.28779)
step: 260	0.253906	(0.0322342, 1.28905)
step: 261	0.254883	(0.0324826, 1.29031)
step: 262	0.255859	(0.032732, 1.29157)
step: 263	0.256836	(0.0329823, 1.29283)
step: 264	0.257813	(0.0332336, 1.2941)
step: 265	0.258789	(0.0334859, 1.29536)
step: 266	0.259766	(0.0337391, 1.29663)
step: 267	0.260742	(0.0339932, 1.29789)
step: 268	0.261719	(0.0342484, 1.29916)
step: 269	0.262695	(0.0345044, 1.30043)
step: 270	0.263672	(0.0347614, 1.3017)
step: 271	0.264648	(0.0350194, 1.30297)
step: 272	0.265625	(0.0352783, 1.30425)
step: 273	0.266602	(0.0355382, 1.30552)
step: 274	0.267578	(0.035799, 1.3068)
step: 275	0.268555	(0.0360608, 1.30807)
step: 276	0.269531	(0.0363235, 1.30935)
step: 277	0.270508	(0.0365872, 1.31063)
step: 278	0.271484	(0.0368519, 1.31191)
step: 279	0.272461	(0.0371175, 1.31319)
step: 280	0.273438	(0.037384, 1.31448)
step: 281	0.274414	(0.0376515, 1.31576)
step: 282	0.275391	(0.03792, 1.31705)
step: 283	0.276367	(0.0381894, 1.31833)
step: 284	0.277344	(0.0384598, 1.31962)
step: 285	0.27832	(0.0387311, 1.32091)
step: 286	0.279297	(0.0390034, 1.3222)
step: 287	0.280273	(0.0392766, 1.32349)
step: 288	0.28125	(0.0395508, 1.32478)
step: 289	0.282227	(0.0398259, 1.32608)
step: 290	0.283203	(0.040102, 1.32737)
step: 291	0.28418	(0.040379, 1.32867)
step: 292	0.285156	(0.040657, 1.32997)
step: 293	0.286133	(0.040936, 1.33127)
step: 294	0.287109	(0.0412159, 1.33257)
step: 295	0.288086	(0.0414968, 1.33387)
step: 296	0.289063	(0.0417786, 1.33518)
step: 297	0.290039	(0.0420613, 1.33648)
step: 298	0.291016	(0.042345, 1.33779)
step: 299	0.291992	(0.0426297, 1.33909)
step: 300	0.292969	(0.0429153, 1.3404)
step: 301	0.293945	(0.0432019, 1.34171)
step: 302	0.294922	(0.0434895, 1.34302)
step: 303	0.295898	(0.0437779, 1.34433)
step: 304	0.296875	(0.0440674, 1.34565)
step: 305	0.297852	(0.0443578, 1.34696)
step: 306	0.298828	(0.0446491, 1.34828)
step: 307	0.299805	(0.0449414, 1.3496)
step: 308	0.300781	(0.0452347, 1.35091)
step: 309	0.301758	(0.0455289, 1.35223)
step: 310	0.302734	(0.0458241, 1.35355)
step: 311	0.303711	(0.0461202, 1.35488)
step: 312	0.304688	(0.0464172, 1.3562)
step: 313	0.305664	(0.0467153, 1.35753)
step: 314	0.306641	(0.0470142, 1.35885)
step: 315	0.307617	(0.0473142, 1.36018)
step: 316	0.308594	(0.0476151, 1.36151)
step: 317	0.30957	(0.0479169, 1.36284)
step: 318	0.310547	(0.0482197, 1.36417)
step: 319	0.311523	(0.0485234, 1.3655)
step: 320	0.3125	(0.0488281, 1.36684)
step: 321	0.313477	(0.0491338, 1.36817)
step: 322	0.314453	(0.0494404, 1.36951)
step: 323	0.31543	(0.0497479, 1.37085)
step: 324	0.316406	(0.0500565, 1.37219)
step: 325	0.317383	(0.0503659, 1.37353)
step: 326	0.318359	(0.0506763, 1.37487)
step: 327	0.319336	(0.0509877, 1.37621)
step: 328	0.320313	(0.0513, 1.37756)
step: 329	0.321289	(0.0516133, 1.3789)
step: 330	0.322266	(0.0519276, 1.38025)
step: 331	0.323242	(0.0522428, 1.3816)
step: 332	0.324219	(0.0525589, 1.38295)
step: 333	0.325195	(0.052876, 1.3843)
step: 334	0.326172	(0.053194, 1.38565)
step: 335	0.327148	(0.0535131, 1.38701)
step: 336	0.328125	(0.053833, 1.38836)
step: 337	0.329102	(0.0541539, 1.38972)
step: 338	0.330078	(0.0544758, 1.39108)
step: 339	0.331055	(0.0547986, 1.39244)
step: 340	0.332031	(0.0551224, 1.3938)
step: 341	0.333008	(0.0554471, 1.39516)
step: 342	0.333984	(0.0557728, 1.39652)
step: 343	0.334961	(0.0560994, 1.39789)
step: 344	0.335938	(0.056427, 1.39925)
step: 345	0.336914	(0.0567555, 1.40062)
step: 346	0.337891	(0.057085, 1.40199)
step: 347	0.338867	(0.0574155, 1.40336)
step: 348	0.339844	(0.0577469, 1.40473)
step: 349	0.34082	(0.0580792, 1.4061)
step: 350	0.341797	(0.0584126, 1.40747)
step: 351	0.342773	(0.0587468, 1.40885)
step: 352	0.34375	(0.059082, 1.41023)
step: 353	0.344727	(0.0594182, 1.4116)
step: 354	0.345703	(0.0597553, 1.41298)
step: 355	0.34668	(0.0600934, 1.41436)
step: 356	0.347656	(0.0604324, 1.41575)
step: 357	0.348633	(0.0607724, 1.41713)
step: 358	0.349609	(0.0611134, 1.41851)
step: 359	0.350586	(0.0614552, 1.4199)
step: 360	0.351563	(0.0617981, 1.42129)
step: 361	0.352539	(0.0621419, 1.42268)
step: 362	0.353516	(0.0624866, 1.42407)
step: 363	0.354492	(0.0628324, 1.42546)
step: 364	0.355469	(0.063179, 1.42685)
step: 365	0.356445	(0.0635266, 1.42824)
step: 366	0.357422	(0.0638752, 1.42964)
step: 367	0.358398	(0.0642247, 1.43104)
step: 368	0.359375	(0.0645752, 1.43243)
step: 369	0.360352	(0.0649266, 1.43383)
step: 370	0.361328	(0.065279, 1.43523)
step: 371	0.362305	(0.0656323, 1.43664)
step: 372	0.363281	(0.0659866, 1.43804)
step: 373	0.364258	(0.0663419, 1.43945)
step: 374	0.365234	(0.0666981, 1.44085)
step: 375	0.366211	(0.0670552, 1.44226)
step: 376	0.367188	(0.0674133, 1.44367)
step: 377	0.368164	(0.0677724, 1.44508)
step: 378	0.369141	(0.0681324, 1.44649)
step: 379	0.370117	(0.0684934, 1.4479)
step: 380	0.371094	(0.0688553, 1.44932)
step: 381	0.37207	(0.0692182, 1.45073)
step: 382	0.373047	(0.069582, 1.45215)
step: 383	0.374023	(0.0699468, 1.45357)
step: 384	0.375	(0.0703125, 1.45499)
step: 385	0.375977	(0.0706792, 1.45641)
step: 386	0.376953	(0.0710468, 1.45784)
step: 387	0.37793	(0.0714154, 1.45926)
step: 388	0.378906	(0.071785, 1.46069)
step: 389	0.379883	(0.0721555, 1.46211)
step: 390	0.380859	(0.0725269, 1.46354)
step: 391	0.381836	(0.0728993, 1.46497)
step: 392	0.382813	(0.0732727, 1.4664)
step: 393	0.383789	(0.073647, 1.46784)
step: 394	0.384766	(0.0740223, 1.46927)
step: 395	0.385742	(0.0743985, 1.47071)
step: 396	0.386719	(0.0747757, 1.47214)
step: 397	0.387695	(0.0751538, 1.47358)
step: 398	0.388672	(0.0755329, 1.47502)
step: 399	0.389648	(0.075913, 1.47646)
step: 400	0.390625	(0.0762939, 1.4779)
step: 401	0.391602	(0.0766759, 1.47935)
step: 402	0.392578	(0.0770588, 1.48079)
step: 403	0.393555	(0.0774426, 1.48224)
step: 404	0.394531	(0.0778275, 1.48369)
step: 405	0.395508	(0.0782132, 1.48514)
step: 406	0.396484	(0.0785999, 1.48659)
step: 407	0.397461	(0.0789876, 1.48804)
step: 408	0.398438	(0.0793762, 1.4895)
step: 409	0.399414	(0.0797658, 1.49095)
step: 410	0.400391	(0.0801563, 1.49241)
step: 411	0.401367	(0.0805478, 1.49387)
step: 412	0.402344	(0.0809402, 1.49533)
step: 413	0.40332	(0.0813336, 1.49679)
step: 414	0.404297	(0.081728, 1.49825)
step: 415	0.405273	(0.0821233, 1.49971)
step: 416	0.40625	(0.0825195, 1.50118)
step: 417	0.407227	(0.0829167, 1.50264)
step: 418	0.408203	(0.0833149, 1.50411)
step: 419	0.40918	(0.083714, 1.50558)
step: 420	0.410156	(0.0841141, 1.50705)
step: 421	0.411133	(0.0845151, 1.50853)
step: 422	0.412109	(0.0849171, 1.51)
step: 423	0.413086	(0.08532, 1.51147)
step: 424	0.414063	(0.0857239, 1.51295)
step: 425	0.415039	(0.0861287, 1.51443)
step: 426	0.416016	(0.0865345, 1.51591)
step: 427	0.416992	(0.0869412, 1.51739)
step: 428	0.417969	(0.0873489, 1.51887)
step: 429	0.418945	(0.0877576, 1.52036)
step: 430	0.419922	(0.0881672, 1.52184)
step: 431	0.420898	(0.0885777, 1.52333)
step: 432	0.421875	(0.0889893, 1.52482)
step: 433	0.422852	(0.0894017, 1.52631)
step: 434	0.423828	(0.0898151, 1.5278)
step: 435	0.424805	(0.0902295, 1.52929)
step: 436	0.425781	(0.0906448, 1.53079)
step: 437	0.426758	(0.0910611, 1.53228)
step: 438	0.427734	(0.0914783, 1.53378)
step: 439	0.428711	(0.0918965, 1.53528)
step: 440	0.429688	(0.0923157, 1.53678)
step: 441	0.430664	(0.0927358, 1.53828)
step: 442	0.431641	(0.0931568, 1.53978)
step: 443	0.432617	(0.0935788, 1.54129)
step: 444	0.433594	(0.0940018, 1.54279)
step: 445	0.43457	(0.0944257, 1.5443)
step: 446	0.435547	(0.0948505, 1.54581)
step: 447	0.436523	(0.0952764, 1.54732)
step: 448	0.4375	(0.0957031, 1.54883)
step: 449	0.438477	(0.0961308, 1.55034)
step: 450	0.439453	(0.0965595, 1.55186)
step: 451	0.44043	(0.0969892, 1.55337)
step: 452	0.441406	(0.0974197, 1.55489)
step: 453	0.442383	(0.0978513, 1.55641)
step: 454	0.443359	(0.0982838, 1.55793)
step: 455	0.444336	(0.0987172, 1.55945)
step: 456	0.445313	(0.0991516, 1.56098)
step: 457	0.446289	(0.099587, 1.5625)
step: 458	0.447266	(0.100023, 1.56403)
step: 459	0.448242	(0.100461, 1.56556)
step: 460	0.449219	(0.100899, 1.56709)
step: 461	0.450195	(0.101338, 1.56862)
step: 462	0.451172	(0.101778, 1.57015)
step: 463	0.452148	(0.102219, 1.57169)
step: 464	0.453125	(0.102661, 1.57322)
step: 465	0.454102	(0.103104, 1.57476)
step: 466	0.455078	(0.103548, 1.5763)
step: 467	0.456055	(0.103993, 1.57784)
step: 468	0.457031	(0.104439, 1.57938)
step: 469	0.458008	(0.104886, 1.58092)
step: 470	0.458984	(0.105333, 1.58247)
step: 471	0.459961	(0.105782, 1.58401)
step: 472	0.460938	(0.106232, 1.58556)
step: 473	0.461914	(0.106682, 1.58711)
step: 474	0.462891	(0.107134, 1.58866)
step: 475	0.463867	(0.107586, 1.59021)
step: 476	0.464844	(0.10804, 1.59177)
step: 477	0.46582	(0.108494, 1.59332)
step: 478	0.466797	(0.10895, 1.59488)
step: 479	0.467773	(0.109406, 1.59644)
step: 480	0.46875	(0.109863, 1.598)
step: 481	0.469727	(0.110322, 1.59956)
step: 482	0.470703	(0.110781, 1.60112)
step: 483	0.47168	(0.111241, 1.60268)
step: 484	0.472656	(0.111702, 1.60425)
step: 485	0.473633	(0.112164, 1.60582)
step: 486	0.474609	(0.112627, 1.60739)
step: 487	0.475586	(0.113091, 1.60896)
step: 488	0.476563	(0.113556, 1.61053)
step: 489	0.477539	(0.114022, 1.6121)
step: 490	0.478516	(0.114489, 1.61368)
step: 491	0.479492	(0.114956, 1.61525)
step: 492	0.480469	(0.115425, 1.61683)
step: 493	0.481445	(0.115895, 1.61841)
step: 494	0.482422	(0.116365, 1.61999)
step: 495	0.483398	(0.116837, 1.62158)
step: 496	0.484375	(0.11731, 1.62316)
step: 497	0.485352	(0.117783, 1.62475)
step: 498	0.486328	(0.118258, 1.62633)
step: 499	0.487305	(0.118733, 1.62792)
step: 500	0.488281	(0.119209, 1.62951)
step: 501	0.489258	(0.119687, 1.63111)
step: 502	0.490234	(0.120165, 1.6327)
step: 503	0.491211	(0.120644, 1.63429)
step: 504	0.492188	(0.121124, 1.63589)
step: 505	0.493164	(0.121605, 1.63749)
step: 506	0.494141	(0.122087, 1.63909)
step: 507	0.495117	(0.122571, 1.64069)
step: 508	0.496094	(0.123055, 1.64229)
step: 509	0.49707	(0.123539, 1.6439)
step: 510	0.498047	(0.124025, 1.6455)
step: 511	0.499023	(0.124512, 1.64711)
step: 512	0.5	(0.125, 1.64872)
step: 513	0.500977	(0.125489, 1.65033)
step: 514	0.501953	(0.125978, 1.65194)
step: 515	0.50293	(0.126469, 1.65356)
step: 516	0.503906	(0.126961, 1.65517)
step: 517	0.504883	(0.127453, 1.65679)
step: 518	0.505859	(0.127947, 1.65841)
step: 519	0.506836	(0.128441, 1.66003)
step: 520	0.507813	(0.128937, 1.66165)
step: 521	0.508789	(0.129433, 1.66328)
step: 522	0.509766	(0.12993, 1.6649)
step: 523	0.510742	(0.130429, 1.66653)
step: 524	0.511719	(0.130928, 1.66816)
step: 525	0.512695	(0.131428, 1.66979)
step: 526	0.513672	(0.131929, 1.67142)
step: 527	0.514648	(0.132432, 1.67305)
step: 528	0.515625	(0.132935, 1.67468)
step: 529	0.516602	(0.133439, 1.67632)
step: 530	0.517578	(0.133944, 1.67796)
step: 531	0.518555	(0.134449, 1.6796)
step: 532	0.519531	(0.134956, 1.68124)
step: 533	0.520508	(0.135464, 1.68288)
step: 534	0.521484	(0.135973, 1.68453)
step: 535	0.522461	(0.136483, 1.68617)
step: 536	0.523438	(0.136993, 1.68782)
step: 537	0.524414	(0.137505, 1.68947)
step: 538	0.525391	(0.138018, 1.69112)
step: 539	0.526367	(0.138531, 1.69277)
step: 540	0.527344	(0.139046, 1.69443)
step: 541	0.52832	(0.139561, 1.69608)
step: 542	0.529297	(0.140078, 1.69774)
step: 543	0.530273	(0.140595, 1.6994)
step: 544	0.53125	(0.141113, 1.70106)
step: 545	0.532227	(0.141633, 1.70272)
step: 546	0.533203	(0.142153, 1.70438)
step: 547	0.53418	(0.142674, 1.70605)
step: 548	0.535156	(0.143196, 1.70772)
step: 549	0.536133	(0.143719, 1.70938)
step: 550	0.537109	(0.144243, 1.71105)
step: 551	0.538086	(0.144768, 1.71273)
step: 552	0.539063	(0.145294, 1.7144)
step: 553	0.540039	(0.145821, 1.71607)
step: 554	0.541016	(0.146349, 1.71775)
step: 555	0.541992	(0.146878, 1.71943)
step: 556	0.542969	(0.147408, 1.72111)
step: 557	0.543945	(0.147938, 1.72279)
step: 558	0.544922	(0.14847, 1.72447)
step: 559	0.545898	(0.149003, 1.72616)
step: 560	0.546875	(0.149536, 1.72785)
step: 561	0.547852	(0.150071, 1.72953)
step: 562	0.548828	(0.150606, 1.73122)
step: 563	0.549805	(0.151143, 1.73291)
step: 564	0.550781	(0.15168, 1.73461)
step: 565	0.551758	(0.152218, 1.7363)
step: 566	0.552734	(0.152758, 1.738)
step: 567	0.553711	(0.153298, 1.7397)
step: 568	0.554688	(0.153839, 1.7414)
step: 569	0.555664	(0.154381, 1.7431)
step: 570	0.556641	(0.154924, 1.7448)
step: 571	0.557617	(0.155468, 1.74651)
step: 572	0.558594	(0.156013, 1.74821)
step: 573	0.55957	(0.156559, 1.74992)
step: 574	0.560547	(0.157106, 1.75163)
step: 575	0.561523	(0.157654, 1.75334)
step: 576	0.5625	(0.158203, 1.75505)
step: 577	0.563477	(0.158753, 1.75677)
step: 578	0.564453	(0.159304, 1.75849)
step: 579	0.56543	(0.159855, 1.7602)
step: 580	0.566406	(0.160408, 1.76192)
step: 581	0.567383	(0.160962, 1.76365)
step: 582	0.568359	(0.161516, 1.76537)
step: 583	0.569336	(0.162072, 1.76709)
step: 584	0.570313	(0.162628, 1.76882)
step: 585	0.571289	(0.163186, 1.77055)
step: 586	0.572266	(0.163744, 1.77228)
step: 587	0.573242	(0.164303, 1.77401)
step: 588	0.574219	(0.164864, 1.77574)
step: 589	0.575195	(0.165425, 1.77748)
step: 590	0.576172	(0.165987, 1.77921)
step: 591	0.577148	(0.16655, 1.78095)
step: 592	0.578125	(0.167114, 1.78269)
step: 593	0.579102	(0.167679, 1.78443)
step: 594	0.580078	(0.168245, 1.78618)
step: 595	0.581055	(0.168812, 1.78792)
step: 596	0.582031	(0.16938, 1.78967)
step: 597	0.583008	(0.169949, 1.79142)
step: 598	0.583984	(0.170519, 1.79317)
step: 599	0.584961	(0.17109, 1.79492)
step: 600	0.585938	(0.171661, 1.79667)
step: 601	0.586914	(0.172234, 1.79843)
step: 602	0.587891	(0.172808, 1.80019)
step: 603	0.588867	(0.173382, 1.80195)
step: 604	0.589844	(0.173958, 1.80371)
step: 605	0.59082	(0.174534, 1.80547)
step: 606	0.591797	(0.175112, 1.80723)
step: 607	0.592773	(0.17569, 1.809)
step: 608	0.59375	(0.17627, 1.81077)
step: 609	0.594727	(0.17685, 1.81254)
step: 610	0.595703	(0.177431, 1.81431)
step: 611	0.59668	(0.178013, 1.81608)
step: 612	0.597656	(0.178596, 1.81785)
step: 613	0.598633	(0.179181, 1.81963)
step: 614	0.599609	(0.179766, 1.82141)
step: 615	0.600586	(0.180352, 1.82319)
step: 616	0.601563	(0.180939, 1.82497)
step: 617	0.602539	(0.181527, 1.82675)
step: 618	0.603516	(0.182116, 1.82854)
step: 619	0.604492	(0.182705, 1.83032)
step: 620	0.605469	(0.183296, 1.83211)
step: 621	0.606445	(0.183888, 1.8339)
step: 622	0.607422	(0.184481, 1.83569)
step: 623	0.608398	(0.185074, 1.83749)
step: 624	0.609375	(0.185669, 1.83928)
step: 625	0.610352	(0.186265, 1.84108)
step: 626	0.611328	(0.186861, 1.84288)
step: 627	0.612305	(0.187459, 1.84468)
step: 628	0.613281	(0.188057, 1.84648)
step: 629	0.614258	(0.188656, 1.84828)
step: 630	0.615234	(0.189257, 1.85009)
step: 631	0.616211	(0.189858, 1.8519)
step: 632	0.617188	(0.19046, 1.85371)
step: 633	0.618164	(0.191063, 1.85552)
step: 634	0.619141	(0.191668, 1.85733)
step: 635	0.620117	(0.192273, 1.85915)
step: 636	0.621094	(0.192879, 1.86096)
step: 637	0.62207	(0.193486, 1.86278)
step: 638	0.623047	(0.194094, 1.8646)
step: 639	0.624023	(0.194703, 1.86642)
step: 640	0.625	(0.195313, 1.86825)
step: 641	0.625977	(0.195923, 1.87007)
step: 642	0.626953	(0.196535, 1.8719)
step: 643	0.62793	(0.197148, 1.87373)
step: 644	0.628906	(0.197762, 1.87556)
step: 645	0.629883	(0.198376, 1.87739)
step: 646	0.630859	(0.198992, 1.87922)
step: 647	0.631836	(0.199608, 1.88106)
step: 648	0.632813	(0.200226, 1.8829)
step: 649	0.633789	(0.200844, 1.88474)
step: 650	0.634766	(0.201464, 1.88658)
step: 651	0.635742	(0.202084, 1.88842)
step: 652	0.636719	(0.202705, 1.89027)
step: 653	0.637695	(0.203328, 1.89212)
step: 654	0.638672	(0.203951, 1.89396)
step: 655	0.639648	(0.204575, 1.89581)
step: 656	0.640625	(0.2052, 1.89767)
step: 657	0.641602	(0.205826, 1.89952)
step: 658	0.642578	(0.206453, 1.90138)
step: 659	0.643555	(0.207081, 1.90323)
step: 660	0.644531	(0.20771, 1.90509)
step: 661	0.645508	(0.20834, 1.90696)
step: 662	0.646484	(0.208971, 1.90882)
step: 663	0.647461	(0.209603, 1.91068)
step: 664	0.648438	(0.210236, 1.91255)
step: 665	0.649414	(0.210869, 1.91442)
step: 666	0.650391	(0.211504, 1.91629)
step: 667	0.651367	(0.21214, 1.91816)
step: 668	0.652344	(0.212776, 1.92004)
step: 669	0.65332	(0.213414, 1.92191)
step: 670	0.654297	(0.214052, 1.92379)
step: 671	0.655273	(0.214692, 1.92567)
step: 672	0.65625	(0.215332, 1.92755)
step: 673	0.657227	(0.215973, 1.92943)
step: 674	0.658203	(0.216616, 1.93132)
step: 675	0.65918	(0.217259, 1.93321)
step: 676	0.660156	(0.217903, 1.93509)
step: 677	0.661133	(0.218548, 1.93699)
step: 678	0.662109	(0.219194, 1.93888)
step: 679	0.663086	(0.219841, 1.94077)
step: 680	0.664063	(0.22049, 1.94267)
step: 681	0.665039	(0.221138, 1.94457)
step: 682	0.666016	(0.221788, 1.94647)
step: 683	0.666992	(0.222439, 1.94837)
step: 684	0.667969	(0.223091, 1.95027)
step: 685	0.668945	(0.223744, 1.95218)
step: 686	0.669922	(0.224398, 1.95408)
step: 687	0.670898	(0.225052, 1.95599)
step: 688	0.671875	(0.225708, 1.9579)
step: 689	0.672852	(0.226365, 1.95982)
step: 690	0.673828	(0.227022, 1.96173)
step: 691	0.674805	(0.227681, 1.96365)
step: 692	0.675781	(0.22834, 1.96557)
step: 693	0.676758	(0.229001, 1.96749)
step: 694	0.677734	(0.229662, 1.96941)
step: 695	0.678711	(0.230324, 1.97133)
step: 696	0.679688	(0.230988, 1.97326)
step: 697	0.680664	(0.231652, 1.97519)
step: 698	0.681641	(0.232317, 1.97712)
step: 699	0.682617	(0.232983, 1.97905)
step: 700	0.683594	(0.23365, 1.98098)
step: 701	0.68457	(0.234318, 1.98292)
step: 702	0.685547	(0.234987, 1.98486)
step: 703	0.686523	(0.235657, 1.9868)
step: 704	0.6875	(0.236328, 1.98874)
step: 705	0.688477	(0.237, 1.99068)
step: 706	0.689453	(0.237673, 1.99263)
step: 707	0.69043	(0.238347, 1.99457)
step: 708	0.691406	(0.239021, 1.99652)
step: 709	0.692383	(0.239697, 1.99847)
step: 710	0.693359	(0.240374, 2.00042)
step: 711	0.694336	(0.241051, 2.00238)
step: 712	0.695313	(0.24173, 2.00434)
step: 713	0.696289	(0.242409, 2.00629)
step: 714	0.697266	(0.24309, 2.00825)
step: 715	0.698242	(0.243771, 2.01022)
step: 716	0.699219	(0.244453, 2.01218)
step: 717	0.700195	(0.245137, 2.01415)
step: 718	0.701172	(0.245821, 2.01611)
step: 719	0.702148	(0.246506, 2.01808)
step: 720	0.703125	(0.247192, 2.02006)
step: 721	0.704102	(0.24788, 2.02203)
step: 722	0.705078	(0.248568, 2.024)
step: 723	0.706055	(0.249257, 2.02598)
step: 724	0.707031	(0.249947, 2.02796)
step: 725	0.708008	(0.250638, 2.02994)
step: 726	0.708984	(0.251329, 2.03193)
step: 727	0.709961	(0.252022, 2.03391)
step: 728	0.710938	(0.252716, 2.0359)
step: 729	0.711914	(0.253411, 2.03789)
step: 730	0.712891	(0.254107, 2.03988)
step: 731	0.713867	(0.254803, 2.04187)
step: 732	0.714844	(0.255501, 2.04387)
step: 733	0.71582	(0.256199, 2.04586)
step: 734	0.716797	(0.256899, 2.04786)
step: 735	0.717773	(0.257599, 2.04986)
step: 736	0.71875	(0.258301, 2.05187)
step: 737	0.719727	(0.259003, 2.05387)
step: 738	0.720703	(0.259706, 2.05588)
step: 739	0.72168	(0.260411, 2.05789)
step: 740	0.722656	(0.261116, 2.0599)
step: 741	0.723633	(0.261822, 2.06191)
step: 742	0.724609	(0.262529, 2.06392)
step: 743	0.725586	(0.263237, 2.06594)
step: 744	0.726563	(0.263947, 2.06796)
step: 745	0.727539	(0.264657, 2.06998)
step: 746	0.728516	(0.265368, 2.072)
step: 747	0.729492	(0.266079, 2.07403)
step: 748	0.730469	(0.266792, 2.07605)
step: 749	0.731445	(0.267506, 2.07808)
step: 750	0.732422	(0.268221, 2.08011)
step: 751	0.733398	(0.268937, 2.08214)
step: 752	0.734375	(0.269653, 2.08418)
step: 753	0.735352	(0.270371, 2.08622)
step: 754	0.736328	(0.27109, 2.08825)
step: 755	0.737305	(0.271809, 2.09029)
step: 756	0.738281	(0.27253, 2.09234)
step: 757	0.739258	(0.273251, 2.09438)
step: 758	0.740234	(0.273973, 2.09643)
step: 759	0.741211	(0.274697, 2.09848)
step: 760	0.742188	(0.275421, 2.10053)
step: 761	0.743164	(0.276146, 2.10258)
step: 762	0.744141	(0.276873, 2.10463)
step: 763	0.745117	(0.2776, 2.10669)
step: 764	0.746094	(0.278328, 2.10875)
step: 765	0.74707	(0.279057, 2.11081)
step: 766	0.748047	(0.279787, 2.11287)
step: 767	0.749023	(0.280518, 2.11493)
step: 768	0.75	(0.28125, 2.117)
step: 769	0.750977	(0.281983, 2.11907)
step: 770	0.751953	(0.282717, 2.12114)
step: 771	0.75293	(0.283452, 2.12321)
step: 772	0.753906	(0.284187, 2.12529)
step: 773	0.754883	(0.284924, 2.12736)
step: 774	0.755859	(0.285662, 2.12944)
step: 775	0.756836	(0.2864, 2.13152)
step: 776	0.757813	(0.28714, 2.1336)
step: 777	0.758789	(0.28788, 2.13569)
step: 778	0.759766	(0.288622, 2.13778)
step: 779	0.760742	(0.289364, 2.13986)
step: 780	0.761719	(0.290108, 2.14195)
step: 781	0.762695	(0.290852, 2.14405)
step: 782	0.763672	(0.291597, 2.14614)
step: 783	0.764648	(0.292344, 2.14824)
step: 784	0.765625	(0.293091, 2.15034)
step: 785	0.766602	(0.293839, 2.15244)
step: 786	0.767578	(0.294588, 2.15454)
step: 787	0.768555	(0.295338, 2.15665)
step: 788	0.769531	(0.296089, 2.15875)
step: 789	0.770508	(0.296841, 2.16086)
step: 790	0.771484	(0.297594, 2.16297)
step: 791	0.772461	(0.298348, 2.16509)
step: 792	0.773438	(0.299103, 2.1672)
step: 793	0.774414	(0.299859, 2.16932)
step: 794	0.775391	(0.300615, 2.17144)
step: 795	0.776367	(0.301373, 2.17356)
step: 796	0.777344	(0.302132, 2.17569)
step: 797	0.77832	(0.302891, 2.17781)
step: 798	0.779297	(0.303652, 2.17994)
step: 799	0.780273	(0.304413, 2.18207)
step: 800	0.78125	(0.305176, 2.1842)
step: 801	0.782227	(0.305939, 2.18633)
step: 802	0.783203	(0.306704, 2.18847)
step: 803	0.78418	(0.307469, 2.19061)
step: 804	0.785156	(0.308235, 2.19275)
step: 805	0.786133	(0.309002, 2.19489)
step: 806	0.787109	(0.309771, 2.19704)
step: 807	0.788086	(0.31054, 2.19918)
step: 808	0.789063	(0.31131, 2.20133)
step: 809	0.790039	(0.312081, 2.20348)
step: 810	0.791016	(0.312853, 2.20564)
step: 811	0.791992	(0.313626, 2.20779)
step: 812	0.792969	(0.3144, 2.20995)
step: 813	0.793945	(0.315175, 2.21211)
step: 814	0.794922	(0.31595, 2.21427)
step: 815	0.795898	(0.316727, 2.21643)
step: 816	0.796875	(0.317505, 2.2186)
step: 817	0.797852	(0.318284, 2.22076)
step: 818	0.798828	(0.319063, 2.22293)
step: 819	0.799805	(0.319844, 2.22511)
step: 820	0.800781	(0.320625, 2.22728)
step: 821	0.801758	(0.321408, 2.22946)
step: 822	0.802734	(0.322191, 2.23163)
step: 823	0.803711	(0.322976, 2.23382)
step: 824	0.804688	(0.323761, 2.236)
step: 825	0.805664	(0.324547, 2.23818)
step: 826	0.806641	(0.325335, 2.24037)
step: 827	0.807617	(0.326123, 2.24256)
step: 828	0.808594	(0.326912, 2.24475)
step: 829	0.80957	(0.327702, 2.24694)
step: 830	0.810547	(0.328493, 2.24914)
step: 831	0.811523	(0.329285, 2.25134)
step: 832	0.8125	(0.330078, 2.25353)
step: 833	0.813477	(0.330872, 2.25574)
step: 834	0.814453	(0.331667, 2.25794)
step: 835	0.81543	(0.332463, 2.26015)
step: 836	0.816406	(0.33326, 2.26235)
step: 837	0.817383	(0.334057, 2.26457)
step: 838	0.818359	(0.334856, 2.26678)
step: 839	0.819336	(0.335656, 2.26899)
step: 840	0.820313	(0.336456, 2.27121)
step: 841	0.821289	(0.337258, 2.27343)
step: 842	0.822266	(0.33806, 2.27565)
step: 843	0.823242	(0.338864, 2.27787)
step: 844	0.824219	(0.339668, 2.2801)
step: 845	0.825195	(0.340474, 2.28233)
step: 846	0.826172	(0.34128, 2.28456)
step: 847	0.827148	(0.342087, 2.28679)
step: 848	0.828125	(0.342896, 2.28902)
step: 849	0.829102	(0.343705, 2.29126)
step: 850	0.830078	(0.344515, 2.2935)
step: 851	0.831055	(0.345326, 2.29574)
step: 852	0.832031	(0.346138, 2.29798)
step: 853	0.833008	(0.346951, 2.30023)
step: 854	0.833984	(0.347765, 2.30247)
step: 855	0.834961	(0.34858, 2.30472)
step: 856	0.835938	(0.349396, 2.30698)
step: 857	0.836914	(0.350213, 2.30923)
step: 858	0.837891	(0.35103, 2.31149)
step: 859	0.838867	(0.351849, 2.31374)
step: 860	0.839844	(0.352669, 2.31601)
step: 861	0.84082	(0.353489, 2.31827)
step: 862	0.841797	(0.354311, 2.32053)
step: 863	0.842773	(0.355134, 2.3228)
step: 864	0.84375	(0.355957, 2.32507)
step: 865	0.844727	(0.356781, 2.32734)
step: 866	0.845703	(0.357607, 2.32962)
step: 867	0.84668	(0.358433, 2.33189)
step: 868	0.847656	(0.359261, 2.33417)
step: 869	0.848633	(0.360089, 2.33645)
step: 870	0.849609	(0.360918, 2.33873)
step: 871	0.850586	(0.361748, 2.34102)
step: 872	0.851563	(0.362579, 2.34331)
step: 873	0.852539	(0.363411, 2.34559)
step: 874	0.853516	(0.364244, 2.34789)
step: 875	0.854492	(0.365078, 2.35018)
step: 876	0.855469	(0.365913, 2.35248)
step: 877	0.856445	(0.366749, 2.35478)
step: 878	0.857422	(0.367586, 2.35708)
step: 879	0.858398	(0.368424, 2.35938)
step: 880	0.859375	(0.369263, 2.36168)
step: 881	0.860352	(0.370102, 2.36399)
step: 882	0.861328	(0.370943, 2.3663)
step: 883	0.862305	(0.371785, 2.36861)
step: 884	0.863281	(0.372627, 2.37093)
step: 885	0.864258	(0.373471, 2.37324)
step: 886	0.865234	(0.374315, 2.37556)
step: 887	0.866211	(0.375161, 2.37788)
step: 888	0.867188	(0.376007, 2.38021)
step: 889	0.868164	(0.376854, 2.38253)
step: 890	0.869141	(0.377703, 2.38486)
step: 891	0.870117	(0.378552, 2.38719)
step: 892	0.871094	(0.379402, 2.38952)
step: 893	0.87207	(0.380253, 2.39186)
step: 894	0.873047	(0.381105, 2.39419)
step: 895	0.874023	(0.381958, 2.39653)
step: 896	0.875	(0.382813, 2.39888)
step: 897	0.875977	(0.383667, 2.40122)
step: 898	0.876953	(0.384523, 2.40357)
step: 899	0.87793	(0.38538, 2.40591)
step: 900	0.878906	(0.386238, 2.40826)
step: 901	0.879883	(0.387097, 2.41062)
step: 902	0.880859	(0.387957, 2.41297)
step: 903	0.881836	(0.388817, 2.41533)
step: 904	0.882813	(0.389679, 2.41769)
step: 905	0.883789	(0.390542, 2.42005)
step: 906	0.884766	(0.391405, 2.42242)
step: 907	0.885742	(0.39227, 2.42478)
step: 908	0.886719	(0.393135, 2.42715)
step: 909	0.887695	(0.394001, 2.42952)
step: 910	0.888672	(0.394869, 2.4319)
step: 911	0.889648	(0.395737, 2.43427)
step: 912	0.890625	(0.396606, 2.43665)
step: 913	0.891602	(0.397477, 2.43903)
step: 914	0.892578	(0.398348, 2.44142)
step: 915	0.893555	(0.39922, 2.4438)
step: 916	0.894531	(0.400093, 2.44619)
step: 917	0.895508	(0.400967, 2.44858)
step: 918	0.896484	(0.401842, 2.45097)
step: 919	0.897461	(0.402718, 2.45337)
step: 920	0.898438	(0.403595, 2.45576)
step: 921	0.899414	(0.404473, 2.45816)
step: 922	0.900391	(0.405352, 2.46056)
step: 923	0.901367	(0.406231, 2.46297)
step: 924	0.902344	(0.407112, 2.46537)
step: 925	0.90332	(0.407994, 2.46778)
step: 926	0.904297	(0.408876, 2.47019)
step: 927	0.905273	(0.40976, 2.47261)
step: 928	0.90625	(0.410645, 2.47502)
step: 929	0.907227	(0.41153, 2.47744)
step: 930	0.908203	(0.412416, 2.47986)
step: 931	0.90918	(0.413304, 2.48229)
step: 932	0.910156	(0.414192, 2.48471)
step: 933	0.911133	(0.415082, 2.48714)
step: 934	0.912109	(0.415972, 2.48957)
step: 935	0.913086	(0.416863, 2.492)
step: 936	0.914063	(0.417755, 2.49444)
step: 937	0.915039	(0.418648, 2.49687)
step: 938	0.916016	(0.419542, 2.49931)
step: 939	0.916992	(0.420437, 2.50175)
step: 940	0.917969	(0.421333, 2.5042)
step: 941	0.918945	(0.42223, 2.50665)
step: 942	0.919922	(0.423128, 2.50909)
step: 943	0.920898	(0.424027, 2.51155)
step: 944	0.921875	(0.424927, 2.514)
step: 945	0.922852	(0.425828, 2.51646)
step: 946	0.923828	(0.426729, 2.51891)
step: 947	0.924805	(0.427632, 2.52138)
step: 948	0.925781	(0.428535, 2.52384)
step: 949	0.926758	(0.42944, 2.52631)
step: 950	0.927734	(0.430346, 2.52877)
step: 951	0.928711	(0.431252, 2.53124)
step: 952	0.929688	(0.432159, 2.53372)
step: 953	0.930664	(0.433068, 2.53619)
step: 954	0.931641	(0.433977, 2.53867)
step: 955	0.932617	(0.434887, 2.54115)
step: 956	0.933594	(0.435799, 2.54363)
step: 957	0.93457	(0.436711, 2.54612)
step: 958	0.935547	(0.437624, 2.54861)
step: 959	0.936523	(0.438538, 2.5511)
step: 960	0.9375	(0.439453, 2.55359)
step: 961	0.938477	(0.440369, 2.55608)
step: 962	0.939453	(0.441286, 2.55858)
step: 963	0.94043	(0.442204, 2.56108)
step: 964	0.941406	(0.443123, 2.56358)
step: 965	0.942383	(0.444043, 2.56609)
step: 966	0.943359	(0.444963, 2.5686)
step: 967	0.944336	(0.445885, 2.57111)
step: 968	0.945313	(0.446808, 2.57362)
step: 969	0.946289	(0.447731, 2.57613)
step: 970	0.947266	(0.448656, 2.57865)
step: 971	0.948242	(0.449582, 2.58117)
step: 972	0.949219	(0.450508, 2.58369)
step: 973	0.950195	(0.451436, 2.58621)
step: 974	0.951172	(0.452364, 2.58874)
step: 975	0.952148	(0.453293, 2.59127)
step: 976	0.953125	(0.454224, 2.5938)
step: 977	0.954102	(0.455155, 2.59634)
step: 978	0.955078	(0.456087, 2.59887)
step: 979	0.956055	(0.45702, 2.60141)
step: 980	0.957031	(0.457954, 2.60395)
step: 981	0.958008	(0.458889, 2.6065)
step: 982	0.958984	(0.459826, 2.60905)
step: 983	0.959961	(0.460763, 2.61159)
step: 984	0.960938	(0.4617, 2.61415)
step: 985	0.961914	(0.462639, 2.6167)
step: 986	0.962891	(0.463579, 2.61926)
step: 987	0.963867	(0.46452, 2.62182)
step: 988	0.964844	(0.465462, 2.62438)
step: 989	0.96582	(0.466404, 2.62694)
step: 990	0.966797	(0.467348, 2.62951)
step: 991	0.967773	(0.468293, 2.63208)
step: 992	0.96875	(0.469238, 2.63465)
step: 993	0.969727	(0.470185, 2.63722)
step: 994	0.970703	(0.471132, 2.6398)
step: 995	0.97168	(0.472081, 2.64238)
step: 996	0.972656	(0.47303, 2.64496)
step: 997	0.973633	(0.47398, 2.64755)
step: 998	0.974609	(0.474932, 2.65013)
step: 999	0.975586	(0.475884, 2.65272)
step: 1000	0.976563	(0.476837, 2.65531)
step: 1001	0.977539	(0.477791, 2.65791)
step: 1002	0.978516	(0.478746, 2.6605)
step: 1003	0.979492	(0.479702, 2.6631)
step: 1004	0.980469	(0.480659, 2.66571)
step: 1005	0.981445	(0.481617, 2.66831)
step: 1006	0.982422	(0.482576, 2.67092)
step: 1007	0.983398	(0.483536, 2.67353)
step: 1008	0.984375	(0.484497, 2.67614)
step: 1009	0.985352	(0.485459, 2.67875)
step: 1010	0.986328	(0.486422, 2.68137)
step: 1011	0.987305	(0.487385, 2.68399)
step: 1012	0.988281	(0.48835, 2.68661)
step: 1013	0.989258	(0.489316, 2.68924)
step: 1014	0.990234	(0.490282, 2.69187)
step: 1015	0.991211	(0.49125, 2.6945)
step: 1016	0.992188	(0.492218, 2.69713)
step: 1017	0.993164	(0.493187, 2.69976)
step: 1018	0.994141	(0.494158, 2.7024)
step: 1019	0.995117	(0.495129, 2.70504)
step: 1020	0.996094	(0.496101, 2.70768)
step: 1021	0.99707	(0.497075, 2.71033)
step: 1022	0.998047	(0.498049, 2.71298)
step: 1023	0.999023	(0.499024, 2.71563)
step: 1024	1	(0.5, 2.71828)
