step: 0	0	(0, 1)
step: 1	0.03125	(0.000488281, 1.03174)
step: 2	0.0625	(0.00195313, 1.06449)
step: 3	0.09375	(0.00439453, 1.09829)
step: 4	0.125	(0.0078125, 1.13315)
step: 5	0.15625	(0.012207, 1.16912)
step: 6	0.1875	(0.0175781, 1.20623)
step: 7	0.21875	(0.0239258, 1.24452)
step: 8	0.25	(0.03125, 1.28403)
step: 9	0.28125	(0.0395508, 1.32478)
step: 10	0.3125	(0.0488281, 1.36684)
step: 11	0.34375	(0.059082, 1.41023)
step: 12	0.375	(0.0703125, 1.45499)
step: 13	0.40625	(0.0825195, 1.50118)
step: 14	0.4375	(0.0957031, 1.54883)
step: 15	0.46875	(0.109863, 1.598)
step: 16	0.5	(0.125, 1.64872)
step: 17	0.53125	(0.141113, 1.70106)
step: 18	0.5625	(0.158203, 1.75505)
step: 19	0.59375	(0.17627, 1.81077)
step: 20	0.625	(0.195313, 1.86825)
step: 21	0.65625	(0.215332, 1.92755)
step: 22	0.6875	(0.236328, 1.98874)
step: 23	0.71875	(0.258301, 2.05187)
step: 24	0.75	(0.28125, 2.117)
step: 25	0.78125	(0.305176, 2.1842)
step: 26	0.8125	(0.330078, 2.25353)
step: 27	0.84375	(0.355957, 2.32507)
step: 28	0.875	(0.382813, 2.39888)
step: 29	0.90625	(0.410645, 2.47502)
step: 30	0.9375	(0.439453, 2.55359)
step: 31	0.96875	(0.469238, 2.63465)
step: 32	1	(0.5, 2.71828)
