step: 0	0	(0, 1)
step: 1	0.0078125	(3.05176e-05, 1.00784)
step: 2	0.015625	(0.00012207, 1.01575)
step: 3	0.0234375	(0.000274658, 1.02371)
step: 4	0.03125	(0.000488281, 1.03174)
step: 5	0.0390625	(0.000762939, 1.03984)
step: 6	0.046875	(0.00109863, 1.04799)
step: 7	0.0546875	(0.00149536, 1.05621)
step: 8	0.0625	(0.00195313, 1.06449)
step: 9	0.0703125	(0.00247192, 1.07284)
step: 10	0.078125	(0.00305176, 1.08126)
step: 11	0.0859375	(0.00369263, 1.08974)
step: 12	0.09375	(0.00439453, 1.09829)
step: 13	0.101563	(0.00515747, 1.1069)
step: 14	0.109375	(0.00598145, 1.11558)
step: 15	0.117188	(0.00686646, 1.12433)
step: 16	0.125	(0.0078125, 1.13315)
step: 17	0.132813	(0.00881958, 1.14204)
step: 18	0.140625	(0.0098877, 1.15099)
step: 19	0.148438	(0.0110168, 1.16002)
step: 20	0.15625	(0.012207, 1.16912)
step: 21	0.164063	(0.0134583, 1.17829)
step: 22	0.171875	(0.0147705, 1.18753)
step: 23	0.179688	(0.0161438, 1.19684)
step: 24	0.1875	(0.0175781, 1.20623)
step: 25	0.195313	(0.0190735, 1.21569)
step: 26	0.203125	(0.0206299, 1.22523)
step: 27	0.210938	(0.0222473, 1.23484)
step: 28	0.21875	(0.0239258, 1.24452)
step: 29	0.226563	(0.0256653, 1.25428)
step: 30	0.234375	(0.0274658, 1.26412)
step: 31	0.242188	(0.0293274, 1.27403)
step: 32	0.25	(0.03125, 1.28403)
step: 33	0.257813	(0.0332336, 1.2941)
step: 34	0.265625	(0.0352783, 1.30425)
step: 35	0.273438	(0.037384, 1.31448)
step: 36	0.28125	(0.0395508, 1.32478)
step: 37	0.289063	(0.0417786, 1.33518)
step: 38	0.296875	(0.0440674, 1.34565)
step: 39	0.304688	(0.0464172, 1.3562)
step: 40	0.3125	(0.0488281, 1.36684)
step: 41	0.320313	(0.0513, 1.37756)
step: 42	0.328125	(0.053833, 1.38836)
step: 43	0.335938	(0.056427, 1.39925)
step: 44	0.34375	(0.059082, 1.41023)
step: 45	0.351563	(0.0617981, 1.42129)
step: 46	0.359375	(0.0645752, 1.43243)
step: 47	0.367188	(0.0674133, 1.44367)
step: 48	0.375	(0.0703125, 1.45499)
step: 49	0.382813	(0.0732727, 1.4664)
step: 50	0.390625	(0.0762939, 1.4779)
step: 51	0.398438	(0.0793762, 1.4895)
step: 52	0.40625	(0.0825195, 1.50118)
step: 53	0.414063	(0.0857239, 1.51295)
step: 54	0.421875	(0.0889893, 1.52482)
step: 55	0.429688	(0.0923157, 1.53678)
step: 56	0.4375	(0.0957031, 1.54883)
step: 57	0.445313	(0.0991516, 1.56098)
step: 58	0.453125	(0.102661, 1.57322)
step: 59	0.460938	(0.106232, 1.58556)
step: 60	0.46875	(0.109863, 1.598)
step: 61	0.476563	(0.113556, 1.61053)
step: 62	0.484375	(0.11731, 1.62316)
step: 63	0.492188	(0.121124, 1.63589)
step: 64	0.5	(0.125, 1.64872)
step: 65	0.507813	(0.128937, 1.66165)
step: 66	0.515625	(0.132935, 1.67468)
step: 67	0.523438	(0.136993, 1.68782)
step: 68	0.53125	(0.141113, 1.70106)
step: 69	0.539063	(0.145294, 1.7144)
step: 70	0.546875	(0.149536, 1.72785)
step: 71	0.554688	(0.153839, 1.7414)
step: 72	0.5625	(0.158203, 1.75505)
step: 73	0.570313	(0.162628, 1.76882)
step: 74	0.578125	(0.167114, 1.78269)
step: 75	0.585938	(0.171661, 1.79667)
step: 76	0.59375	(0.17627, 1.81077)
step: 77	0.601563	(0.180939, 1.82497)
step: 78	0.609375	(0.185669, 1.83928)
step: 79	0.617188	(0.19046, 1.85371)
step: 80	0.625	(0.195313, 1.86825)
step: 81	0.632813	(0.200226, 1.8829)
step: 82	0.640625	(0.2052, 1.89767)
step: 83	0.648438	(0.210236, 1.91255)
step: 84	0.65625	(0.215332, 1.92755)
step: 85	0.664063	(0.22049, 1.94267)
step: 86	0.671875	(0.225708, 1.9579)
step: 87	0.679688	(0.230988, 1.97326)
step: 88	0.6875	(0.236328, 1.98874)
step: 89	0.695313	(0.24173, 2.00434)
step: 90	0.703125	(0.247192, 2.02006)
step: 91	0.710938	(0.252716, 2.0359)
step: 92	0.71875	(0.258301, 2.05187)
step: 93	0.726563	(0.263947, 2.06796)
step: 94	0.734375	(0.269653, 2.08418)
step: 95	0.742188	(0.275421, 2.10053)
step: 96	0.75	(0.28125, 2.117)
step: 97	0.757813	(0.28714, 2.1336)
step: 98	0.765625	(0.293091, 2.15034)
step: 99	0.773438	(0.299103, 2.1672)
step: 100	0.78125	(0.305176, 2.1842)
step: 101	0.789063	(0.31131, 2.20133)
step: 102	0.796875	(0.317505, 2.2186)
step: 103	0.804688	(0.323761, 2.236)
step: 104	0.8125	(0.330078, 2.25353)
step: 105	0.820313	(0.336456, 2.27121)
step: 106	0.828125	(0.342896, 2.28902)
step: 107	0.835938	(0.349396, 2.30698)
step: 108	0.84375	(0.355957, 2.32507)
step: 109	0.851563	(0.362579, 2.34331)
step: 110	0.859375	(0.369263, 2.36168)
step: 111	0.867188	(0.376007, 2.38021)
step: 112	0.875	(0.382813, 2.39888)
step: 113	0.882813	(0.389679, 2.41769)
step: 114	0.890625	(0.396606, 2.43665)
step: 115	0.898438	(0.403595, 2.45576)
step: 116	0.90625	(0.410645, 2.47502)
step: 117	0.914063	(0.417755, 2.49444)
step: 118	0.921875	(0.424927, 2.514)
step: 119	0.929688	(0.432159, 2.53372)
step: 120	0.9375	(0.439453, 2.55359)
step: 121	0.945313	(0.446808, 2.57362)
step: 122	0.953125	(0.454224, 2.5938)
step: 123	0.960938	(0.4617, 2.61415)
step: 124	0.96875	(0.469238, 2.63465)
step: 125	0.976563	(0.476837, 2.65531)
step: 126	0.984375	(0.484497, 2.67614)
step: 127	0.992188	(0.492218, 2.69713)
step: 128	1	(0.5, 2.71828)
