step: 0	0	(0, 1)
step: 1	0.00390625	(7.62939e-06, 1.00391)
step: 2	0.0078125	(3.05176e-05, 1.00784)
step: 3	0.0117188	(6.86646e-05, 1.01179)
step: 4	0.015625	(0.00012207, 1.01575)
step: 5	0.0195313	(0.000190735, 1.01972)
step: 6	0.0234375	(0.000274658, 1.02371)
step: 7	0.0273438	(0.00037384, 1.02772)
step: 8	0.03125	(0.000488281, 1.03174)
step: 9	0.0351563	(0.000617981, 1.03578)
step: 10	0.0390625	(0.000762939, 1.03984)
step: 11	0.0429688	(0.000923157, 1.04391)
step: 12	0.046875	(0.00109863, 1.04799)
step: 13	0.0507813	(0.00128937, 1.05209)
step: 14	0.0546875	(0.00149536, 1.05621)
step: 15	0.0585938	(0.00171661, 1.06034)
step: 16	0.0625	(0.00195313, 1.06449)
step: 17	0.0664063	(0.0022049, 1.06866)
step: 18	0.0703125	(0.00247192, 1.07284)
step: 19	0.0742188	(0.00275421, 1.07704)
step: 20	0.078125	(0.00305176, 1.08126)
step: 21	0.0820313	(0.00336456, 1.08549)
step: 22	0.0859375	(0.00369263, 1.08974)
step: 23	0.0898438	(0.00403595, 1.094)
step: 24	0.09375	(0.00439453, 1.09829)
step: 25	0.0976563	(0.00476837, 1.10258)
step: 26	0.101563	(0.00515747, 1.1069)
step: 27	0.105469	(0.00556183, 1.11123)
step: 28	0.109375	(0.00598145, 1.11558)
step: 29	0.113281	(0.00641632, 1.11995)
step: 30	0.117188	(0.00686646, 1.12433)
step: 31	0.121094	(0.00733185, 1.12873)
step: 32	0.125	(0.0078125, 1.13315)
step: 33	0.128906	(0.00830841, 1.13758)
step: 34	0.132813	(0.00881958, 1.14204)
step: 35	0.136719	(0.00934601, 1.14651)
step: 36	0.140625	(0.0098877, 1.15099)
step: 37	0.144531	(0.0104446, 1.1555)
step: 38	0.148438	(0.0110168, 1.16002)
step: 39	0.152344	(0.0116043, 1.16456)
step: 40	0.15625	(0.012207, 1.16912)
step: 41	0.160156	(0.012825, 1.17369)
step: 42	0.164063	(0.0134583, 1.17829)
step: 43	0.167969	(0.0141068, 1.1829)
step: 44	0.171875	(0.0147705, 1.18753)
step: 45	0.175781	(0.0154495, 1.19218)
step: 46	0.179688	(0.0161438, 1.19684)
step: 47	0.183594	(0.0168533, 1.20153)
step: 48	0.1875	(0.0175781, 1.20623)
step: 49	0.191406	(0.0183182, 1.21095)
step: 50	0.195313	(0.0190735, 1.21569)
step: 51	0.199219	(0.0198441, 1.22045)
step: 52	0.203125	(0.0206299, 1.22523)
step: 53	0.207031	(0.021431, 1.23002)
step: 54	0.210938	(0.0222473, 1.23484)
step: 55	0.214844	(0.0230789, 1.23967)
step: 56	0.21875	(0.0239258, 1.24452)
step: 57	0.222656	(0.0247879, 1.24939)
step: 58	0.226563	(0.0256653, 1.25428)
step: 59	0.230469	(0.0265579, 1.25919)
step: 60	0.234375	(0.0274658, 1.26412)
step: 61	0.238281	(0.028389, 1.26907)
step: 62	0.242188	(0.0293274, 1.27403)
step: 63	0.246094	(0.0302811, 1.27902)
step: 64	0.25	(0.03125, 1.28403)
step: 65	0.253906	(0.0322342, 1.28905)
step: 66	0.257813	(0.0332336, 1.2941)
step: 67	0.261719	(0.0342484, 1.29916)
step: 68	0.265625	(0.0352783, 1.30425)
step: 69	0.269531	(0.0363235, 1.30935)
step: 70	0.273438	(0.037384, 1.31448)
step: 71	0.277344	(0.0384598, 1.31962)
step: 72	0.28125	(0.0395508, 1.32478)
step: 73	0.285156	(0.040657, 1.32997)
step: 74	0.289063	(0.0417786, 1.33518)
step: 75	0.292969	(0.0429153, 1.3404)
step: 76	0.296875	(0.0440674, 1.34565)
step: 77	0.300781	(0.0452347, 1.35091)
step: 78	0.304688	(0.0464172, 1.3562)
step: 79	0.308594	(0.0476151, 1.36151)
step: 80	0.3125	(0.0488281, 1.36684)
step: 81	0.316406	(0.0500565, 1.37219)
step: 82	0.320313	(0.0513, 1.37756)
step: 83	0.324219	(0.0525589, 1.38295)
step: 84	0.328125	(0.053833, 1.38836)
step: 85	0.332031	(0.0551224, 1.3938)
step: 86	0.335938	(0.056427, 1.39925)
step: 87	0.339844	(0.0577469, 1.40473)
step: 88	0.34375	(0.059082, 1.41023)
step: 89	0.347656	(0.0604324, 1.41575)
step: 90	0.351563	(0.0617981, 1.42129)
step: 91	0.355469	(0.063179, 1.42685)
step: 92	0.359375	(0.0645752, 1.43243)
step: 93	0.363281	(0.0659866, 1.43804)
step: 94	0.367188	(0.0674133, 1.44367)
step: 95	0.371094	(0.0688553, 1.44932)
step: 96	0.375	(0.0703125, 1.45499)
step: 97	0.378906	(0.071785, 1.46069)
step: 98	0.382813	(0.0732727, 1.4664)
step: 99	0.386719	(0.0747757, 1.47214)
step: 100	0.390625	(0.0762939, 1.4779)
step: 101	0.394531	(0.0778275, 1.48369)
step: 102	0.398438	(0.0793762, 1.4895)
step: 103	0.402344	(0.0809402, 1.49533)
step: 104	0.40625	(0.0825195, 1.50118)
step: 105	0.410156	(0.0841141, 1.50705)
step: 106	0.414063	(0.0857239, 1.51295)
step: 107	0.417969	(0.0873489, 1.51887)
step: 108	0.421875	(0.0889893, 1.52482)
step: 109	0.425781	(0.0906448, 1.53079)
step: 110	0.429688	(0.0923157, 1.53678)
step: 111	0.433594	(0.0940018, 1.54279)
step: 112	0.4375	(0.0957031, 1.54883)
step: 113	0.441406	(0.0974197, 1.55489)
step: 114	0.445313	(0.0991516, 1.56098)
step: 115	0.449219	(0.100899, 1.56709)
step: 116	0.453125	(0.102661, 1.57322)
step: 117	0.457031	(0.104439, 1.57938)
step: 118	0.460938	(0.106232, 1.58556)
step: 119	0.464844	(0.10804, 1.59177)
step: 120	0.46875	(0.109863, 1.598)
step: 121	0.472656	(0.111702, 1.60425)
step: 122	0.476563	(0.113556, 1.61053)
step: 123	0.480469	(0.115425, 1.61683)
step: 124	0.484375	(0.11731, 1.62316)
step: 125	0.488281	(0.119209, 1.62951)
step: 126	0.492188	(0.121124, 1.63589)
step: 127	0.496094	(0.123055, 1.64229)
step: 128	0.5	(0.125, 1.64872)
step: 129	0.503906	(0.126961, 1.65517)
step: 130	0.507813	(0.128937, 1.66165)
step: 131	0.511719	(0.130928, 1.66816)
step: 132	0.515625	(0.132935, 1.67468)
step: 133	0.519531	(0.134956, 1.68124)
step: 134	0.523438	(0.136993, 1.68782)
step: 135	0.527344	(0.139046, 1.69443)
step: 136	0.53125	(0.141113, 1.70106)
step: 137	0.535156	(0.143196, 1.70772)
step: 138	0.539063	(0.145294, 1.7144)
step: 139	0.542969	(0.147408, 1.72111)
step: 140	0.546875	(0.149536, 1.72785)
step: 141	0.550781	(0.15168, 1.73461)
step: 142	0.554688	(0.153839, 1.7414)
step: 143	0.558594	(0.156013, 1.74821)
step: 144	0.5625	(0.158203, 1.75505)
step: 145	0.566406	(0.160408, 1.76192)
step: 146	0.570313	(0.162628, 1.76882)
step: 147	0.574219	(0.164864, 1.77574)
step: 148	0.578125	(0.167114, 1.78269)
step: 149	0.582031	(0.16938, 1.78967)
step: 150	0.585938	(0.171661, 1.79667)
step: 151	0.589844	(0.173958, 1.80371)
step: 152	0.59375	(0.17627, 1.81077)
step: 153	0.597656	(0.178596, 1.81785)
step: 154	0.601563	(0.180939, 1.82497)
step: 155	0.605469	(0.183296, 1.83211)
step: 156	0.609375	(0.185669, 1.83928)
step: 157	0.613281	(0.188057, 1.84648)
step: 158	0.617188	(0.19046, 1.85371)
step: 159	0.621094	(0.192879, 1.86096)
step: 160	0.625	(0.195313, 1.86825)
step: 161	0.628906	(0.197762, 1.87556)
step: 162	0.632813	(0.200226, 1.8829)
step: 163	0.636719	(0.202705, 1.89027)
step: 164	0.640625	(0.2052, 1.89767)
step: 165	0.644531	(0.20771, 1.90509)
step: 166	0.648438	(0.210236, 1.91255)
step: 167	0.652344	(0.212776, 1.92004)
step: 168	0.65625	(0.215332, 1.92755)
step: 169	0.660156	(0.217903, 1.93509)
step: 170	0.664063	(0.22049, 1.94267)
step: 171	0.667969	(0.223091, 1.95027)
step: 172	0.671875	(0.225708, 1.9579)
step: 173	0.675781	(0.22834, 1.96557)
step: 174	0.679688	(0.230988, 1.97326)
step: 175	0.683594	(0.23365, 1.98098)
step: 176	0.6875	(0.236328, 1.98874)
step: 177	0.691406	(0.239021, 1.99652)
step: 178	0.695313	(0.24173, 2.00434)
step: 179	0.699219	(0.244453, 2.01218)
step: 180	0.703125	(0.247192, 2.02006)
step: 181	0.707031	(0.249947, 2.02796)
step: 182	0.710938	(0.252716, 2.0359)
step: 183	0.714844	(0.255501, 2.04387)
step: 184	0.71875	(0.258301, 2.05187)
step: 185	0.722656	(0.261116, 2.0599)
step: 186	0.726563	(0.263947, 2.06796)
step: 187	0.730469	(0.266792, 2.07605)
step: 188	0.734375	(0.269653, 2.08418)
step: 189	0.738281	(0.27253, 2.09234)
step: 190	0.742188	(0.275421, 2.10053)
step: 191	0.746094	(0.278328, 2.10875)
step: 192	0.75	(0.28125, 2.117)
step: 193	0.753906	(0.284187, 2.12529)
step: 194	0.757813	(0.28714, 2.1336)
step: 195	0.761719	(0.290108, 2.14195)
step: 196	0.765625	(0.293091, 2.15034)
step: 197	0.769531	(0.296089, 2.15875)
step: 198	0.773438	(0.299103, 2.1672)
step: 199	0.777344	(0.302132, 2.17569)
step: 200	0.78125	(0.305176, 2.1842)
step: 201	0.785156	(0.308235, 2.19275)
step: 202	0.789063	(0.31131, 2.20133)
step: 203	0.792969	(0.3144, 2.20995)
step: 204	0.796875	(0.317505, 2.2186)
step: 205	0.800781	(0.320625, 2.22728)
step: 206	0.804688	(0.323761, 2.236)
step: 207	0.808594	(0.326912, 2.24475)
step: 208	0.8125	(0.330078, 2.25353)
step: 209	0.816406	(0.33326, 2.26235)
step: 210	0.820313	(0.336456, 2.27121)
step: 211	0.824219	(0.339668, 2.2801)
step: 212	0.828125	(0.342896, 2.28902)
step: 213	0.832031	(0.346138, 2.29798)
step: 214	0.835938	(0.349396, 2.30698)
step: 215	0.839844	(0.352669, 2.31601)
step: 216	0.84375	(0.355957, 2.32507)
step: 217	0.847656	(0.359261, 2.33417)
step: 218	0.851563	(0.362579, 2.34331)
step: 219	0.855469	(0.365913, 2.35248)
step: 220	0.859375	(0.369263, 2.36168)
step: 221	0.863281	(0.372627, 2.37093)
step: 222	0.867188	(0.376007, 2.38021)
step: 223	0.871094	(0.379402, 2.38952)
step: 224	0.875	(0.382813, 2.39888)
step: 225	0.878906	(0.386238, 2.40826)
step: 226	0.882813	(0.389679, 2.41769)
step: 227	0.886719	(0.393135, 2.42715)
step: 228	0.890625	(0.396606, 2.43665)
step: 229	0.894531	(0.400093, 2.44619)
step: 230	0.898438	(0.403595, 2.45576)
step: 231	0.902344	(0.407112, 2.46537)
step: 232	0.90625	(0.410645, 2.47502)
step: 233	0.910156	(0.414192, 2.48471)
step: 234	0.914063	(0.417755, 2.49444)
step: 235	0.917969	(0.421333, 2.5042)
step: 236	0.921875	(0.424927, 2.514)
step: 237	0.925781	(0.428535, 2.52384)
step: 238	0.929688	(0.432159, 2.53372)
step: 239	0.933594	(0.435799, 2.54363)
step: 240	0.9375	(0.439453, 2.55359)
step: 241	0.941406	(0.443123, 2.56358)
step: 242	0.945313	(0.446808, 2.57362)
step: 243	0.949219	(0.450508, 2.58369)
step: 244	0.953125	(0.454224, 2.5938)
step: 245	0.957031	(0.457954, 2.60395)
step: 246	0.960938	(0.4617, 2.61415)
step: 247	0.964844	(0.465462, 2.62438)
step: 248	0.96875	(0.469238, 2.63465)
step: 249	0.972656	(0.47303, 2.64496)
step: 250	0.976563	(0.476837, 2.65531)
step: 251	0.980469	(0.480659, 2.66571)
step: 252	0.984375	(0.484497, 2.67614)
step: 253	0.988281	(0.48835, 2.68661)
step: 254	0.992188	(0.492218, 2.69713)
step: 255	0.996094	(0.496101, 2.70768)
step: 256	1	(0.5, 2.71828)
