step: 0	0	(0, 1)
step: 1	0.0588235	(0.0017301, 1.06059)
step: 2	0.117647	(0.00692042, 1.12485)
step: 3	0.176471	(0.0155709, 1.193)
step: 4	0.235294	(0.0276817, 1.26528)
step: 5	0.294118	(0.0432526, 1.34194)
step: 6	0.352941	(0.0622837, 1.42325)
step: 7	0.411765	(0.0847751, 1.50948)
step: 8	0.470588	(0.110727, 1.60094)
step: 9	0.529412	(0.140138, 1.69793)
step: 10	0.588235	(0.17301, 1.80081)
step: 11	0.647059	(0.209343, 1.90992)
step: 12	0.705882	(0.249135, 2.02563)
step: 13	0.764706	(0.292388, 2.14836)
step: 14	0.823529	(0.3391, 2.27853)
step: 15	0.882353	(0.389273, 2.41658)
step: 16	0.941176	(0.442907, 2.56299)
step: 17	1	(0.5, 2.71828)
