step: 0	0	(0, 1)
step: 1	0.0714286	(0.00255102, 1.07404)
step: 2	0.142857	(0.0102041, 1.15356)
step: 3	0.214286	(0.0229592, 1.23898)
step: 4	0.285714	(0.0408163, 1.33071)
step: 5	0.357143	(0.0637755, 1.42924)
step: 6	0.428571	(0.0918367, 1.53506)
step: 7	0.5	(0.125, 1.64872)
step: 8	0.571429	(0.163265, 1.77079)
step: 9	0.642857	(0.206633, 1.90191)
step: 10	0.714286	(0.255102, 2.04273)
step: 11	0.785714	(0.308673, 2.19397)
step: 12	0.857143	(0.367347, 2.35642)
step: 13	0.928571	(0.431122, 2.53089)
step: 14	1	(0.5, 2.71828)
