step: 0	0	(0, 1)
step: 1	0.0015625	(1.2207e-06, 1.00156)
step: 2	0.003125	(4.88281e-06, 1.00313)
step: 3	0.0046875	(1.09863e-05, 1.0047)
step: 4	0.00625	(1.95313e-05, 1.00627)
step: 5	0.0078125	(3.05176e-05, 1.00784)
step: 6	0.009375	(4.39453e-05, 1.00942)
step: 7	0.0109375	(5.98145e-05, 1.011)
step: 8	0.0125	(7.8125e-05, 1.01258)
step: 9	0.0140625	(9.8877e-05, 1.01416)
step: 10	0.015625	(0.00012207, 1.01575)
step: 11	0.0171875	(0.000147705, 1.01734)
step: 12	0.01875	(0.000175781, 1.01893)
step: 13	0.0203125	(0.000206299, 1.02052)
step: 14	0.021875	(0.000239258, 1.02212)
step: 15	0.0234375	(0.000274658, 1.02371)
step: 16	0.025	(0.0003125, 1.02532)
step: 17	0.0265625	(0.000352783, 1.02692)
step: 18	0.028125	(0.000395508, 1.02852)
step: 19	0.0296875	(0.000440674, 1.03013)
step: 20	0.03125	(0.000488281, 1.03174)
step: 21	0.0328125	(0.00053833, 1.03336)
step: 22	0.034375	(0.00059082, 1.03497)
step: 23	0.0359375	(0.000645752, 1.03659)
step: 24	0.0375	(0.000703125, 1.03821)
step: 25	0.0390625	(0.000762939, 1.03984)
step: 26	0.040625	(0.000825195, 1.04146)
step: 27	0.0421875	(0.000889893, 1.04309)
step: 28	0.04375	(0.000957031, 1.04472)
step: 29	0.0453125	(0.00102661, 1.04635)
step: 30	0.046875	(0.00109863, 1.04799)
step: 31	0.0484375	(0.0011731, 1.04963)
step: 32	0.05	(0.00125, 1.05127)
step: 33	0.0515625	(0.00132935, 1.05291)
step: 34	0.053125	(0.00141113, 1.05456)
step: 35	0.0546875	(0.00149536, 1.05621)
step: 36	0.05625	(0.00158203, 1.05786)
step: 37	0.0578125	(0.00167114, 1.05952)
step: 38	0.059375	(0.0017627, 1.06117)
step: 39	0.0609375	(0.00185669, 1.06283)
step: 40	0.0625	(0.00195312, 1.06449)
step: 41	0.0640625	(0.002052, 1.06616)
step: 42	0.065625	(0.00215332, 1.06783)
step: 43	0.0671875	(0.00225708, 1.0695)
step: 44	0.06875	(0.00236328, 1.07117)
step: 45	0.0703125	(0.00247192, 1.07284)
step: 46	0.071875	(0.00258301, 1.07452)
step: 47	0.0734375	(0.00269653, 1.0762)
step: 48	0.075	(0.0028125, 1.07788)
step: 49	0.0765625	(0.00293091, 1.07957)
step: 50	0.078125	(0.00305176, 1.08126)
step: 51	0.0796875	(0.00317505, 1.08295)
step: 52	0.08125	(0.00330078, 1.08464)
step: 53	0.0828125	(0.00342896, 1.08634)
step: 54	0.084375	(0.00355957, 1.08804)
step: 55	0.0859375	(0.00369263, 1.08974)
step: 56	0.0875	(0.00382812, 1.09144)
step: 57	0.0890625	(0.00396606, 1.09315)
step: 58	0.090625	(0.00410645, 1.09486)
step: 59	0.0921875	(0.00424927, 1.09657)
step: 60	0.09375	(0.00439453, 1.09829)
step: 61	0.0953125	(0.00454224, 1.1)
step: 62	0.096875	(0.00469238, 1.10172)
step: 63	0.0984375	(0.00484497, 1.10345)
step: 64	0.1	(0.005, 1.10517)
step: 65	0.101563	(0.00515747, 1.1069)
step: 66	0.103125	(0.00531738, 1.10863)
step: 67	0.104688	(0.00547974, 1.11036)
step: 68	0.10625	(0.00564453, 1.1121)
step: 69	0.107813	(0.00581177, 1.11384)
step: 70	0.109375	(0.00598145, 1.11558)
step: 71	0.110938	(0.00615356, 1.11733)
step: 72	0.1125	(0.00632812, 1.11907)
step: 73	0.114063	(0.00650513, 1.12082)
step: 74	0.115625	(0.00668457, 1.12257)
step: 75	0.117188	(0.00686646, 1.12433)
step: 76	0.11875	(0.00705078, 1.12609)
step: 77	0.120313	(0.00723755, 1.12785)
step: 78	0.121875	(0.00742676, 1.12961)
step: 79	0.123438	(0.00761841, 1.13138)
step: 80	0.125	(0.0078125, 1.13315)
step: 81	0.126562	(0.00800903, 1.13492)
step: 82	0.128125	(0.00820801, 1.1367)
step: 83	0.129688	(0.00840942, 1.13847)
step: 84	0.13125	(0.00861328, 1.14025)
step: 85	0.132813	(0.00881958, 1.14204)
step: 86	0.134375	(0.00902832, 1.14382)
step: 87	0.135938	(0.0092395, 1.14561)
step: 88	0.1375	(0.00945312, 1.1474)
step: 89	0.139063	(0.00966919, 1.1492)
step: 90	0.140625	(0.0098877, 1.15099)
step: 91	0.142187	(0.0101086, 1.15279)
step: 92	0.14375	(0.010332, 1.1546)
step: 93	0.145313	(0.0105579, 1.1564)
step: 94	0.146875	(0.0107861, 1.15821)
step: 95	0.148438	(0.0110168, 1.16002)
step: 96	0.15	(0.01125, 1.16183)
step: 97	0.151563	(0.0114856, 1.16365)
step: 98	0.153125	(0.0117236, 1.16547)
step: 99	0.154688	(0.0119641, 1.16729)
step: 100	0.15625	(0.012207, 1.16912)
step: 101	0.157813	(0.0124524, 1.17095)
step: 102	0.159375	(0.0127002, 1.17278)
step: 103	0.160938	(0.0129504, 1.17461)
step: 104	0.1625	(0.0132031, 1.17645)
step: 105	0.164063	(0.0134583, 1.17829)
step: 106	0.165625	(0.0137158, 1.18013)
step: 107	0.167188	(0.0139758, 1.18198)
step: 108	0.16875	(0.0142383, 1.18382)
step: 109	0.170313	(0.0145032, 1.18568)
step: 110	0.171875	(0.0147705, 1.18753)
step: 111	0.173438	(0.0150403, 1.18939)
step: 112	0.175	(0.0153125, 1.19125)
step: 113	0.176563	(0.0155872, 1.19311)
step: 114	0.178125	(0.0158643, 1.19497)
step: 115	0.179688	(0.0161438, 1.19684)
step: 116	0.18125	(0.0164258, 1.19871)
step: 117	0.182813	(0.0167102, 1.20059)
step: 118	0.184375	(0.0169971, 1.20247)
step: 119	0.185938	(0.0172864, 1.20435)
step: 120	0.1875	(0.0175781, 1.20623)
step: 121	0.189063	(0.0178723, 1.20812)
step: 122	0.190625	(0.0181689, 1.21001)
step: 123	0.192188	(0.018468, 1.2119)
step: 124	0.19375	(0.0187695, 1.21379)
step: 125	0.195313	(0.0190735, 1.21569)
step: 126	0.196875	(0.0193799, 1.21759)
step: 127	0.198438	(0.0196887, 1.2195)
step: 128	0.2	(0.02, 1.2214)
step: 129	0.201563	(0.0203137, 1.22331)
step: 130	0.203125	(0.0206299, 1.22523)
step: 131	0.204688	(0.0209485, 1.22714)
step: 132	0.20625	(0.0212695, 1.22906)
step: 133	0.207813	(0.021593, 1.23098)
step: 134	0.209375	(0.0219189, 1.23291)
step: 135	0.210938	(0.0222473, 1.23484)
step: 136	0.2125	(0.0225781, 1.23677)
step: 137	0.214063	(0.0229114, 1.2387)
step: 138	0.215625	(0.0232471, 1.24064)
step: 139	0.217188	(0.0235852, 1.24258)
step: 140	0.21875	(0.0239258, 1.24452)
step: 141	0.220313	(0.0242688, 1.24647)
step: 142	0.221875	(0.0246143, 1.24842)
step: 143	0.223438	(0.0249622, 1.25037)
step: 144	0.225	(0.0253125, 1.25232)
step: 145	0.226563	(0.0256653, 1.25428)
step: 146	0.228125	(0.0260205, 1.25624)
step: 147	0.229688	(0.0263782, 1.25821)
step: 148	0.23125	(0.0267383, 1.26017)
step: 149	0.232813	(0.0271008, 1.26214)
step: 150	0.234375	(0.0274658, 1.26412)
step: 151	0.235938	(0.0278333, 1.2661)
step: 152	0.2375	(0.0282031, 1.26807)
step: 153	0.239063	(0.0285754, 1.27006)
step: 154	0.240625	(0.0289502, 1.27204)
step: 155	0.242188	(0.0293274, 1.27403)
step: 156	0.24375	(0.029707, 1.27603)
step: 157	0.245313	(0.0300891, 1.27802)
step: 158	0.246875	(0.0304736, 1.28002)
step: 159	0.248438	(0.0308606, 1.28202)
step: 160	0.25	(0.03125, 1.28403)
step: 161	0.251563	(0.0316418, 1.28603)
step: 162	0.253125	(0.0320361, 1.28804)
step: 163	0.254688	(0.0324329, 1.29006)
step: 164	0.25625	(0.032832, 1.29208)
step: 165	0.257813	(0.0332336, 1.2941)
step: 166	0.259375	(0.0336377, 1.29612)
step: 167	0.260937	(0.0340442, 1.29815)
step: 168	0.2625	(0.0344531, 1.30018)
step: 169	0.264063	(0.0348645, 1.30221)
step: 170	0.265625	(0.0352783, 1.30425)
step: 171	0.267188	(0.0356946, 1.30629)
step: 172	0.26875	(0.0361133, 1.30833)
step: 173	0.270313	(0.0365344, 1.31037)
step: 174	0.271875	(0.036958, 1.31242)
step: 175	0.273438	(0.037384, 1.31448)
step: 176	0.275	(0.0378125, 1.31653)
step: 177	0.276562	(0.0382434, 1.31859)
step: 178	0.278125	(0.0386768, 1.32065)
step: 179	0.279688	(0.0391125, 1.32272)
step: 180	0.28125	(0.0395508, 1.32478)
step: 181	0.282813	(0.0399915, 1.32686)
step: 182	0.284375	(0.0404346, 1.32893)
step: 183	0.285938	(0.0408801, 1.33101)
step: 184	0.2875	(0.0413281, 1.33309)
step: 185	0.289063	(0.0417786, 1.33518)
step: 186	0.290625	(0.0422314, 1.33726)
step: 187	0.292187	(0.0426868, 1.33935)
step: 188	0.29375	(0.0431445, 1.34145)
step: 189	0.295313	(0.0436047, 1.34355)
step: 190	0.296875	(0.0440674, 1.34565)
step: 191	0.298438	(0.0445325, 1.34775)
step: 192	0.3	(0.045, 1.34986)
step: 193	0.301563	(0.04547, 1.35197)
step: 194	0.303125	(0.0459424, 1.35408)
step: 195	0.304688	(0.0464172, 1.3562)
step: 196	0.30625	(0.0468945, 1.35832)
step: 197	0.307813	(0.0473743, 1.36045)
step: 198	0.309375	(0.0478564, 1.36257)
step: 199	0.310938	(0.0483411, 1.3647)
step: 200	0.3125	(0.0488281, 1.36684)
step: 201	0.314063	(0.0493176, 1.36898)
step: 202	0.315625	(0.0498096, 1.37112)
step: 203	0.317188	(0.050304, 1.37326)
step: 204	0.31875	(0.0508008, 1.37541)
step: 205	0.320313	(0.0513, 1.37756)
step: 206	0.321875	(0.0518018, 1.37971)
step: 207	0.323438	(0.0523059, 1.38187)
step: 208	0.325	(0.0528125, 1.38403)
step: 209	0.326563	(0.0533215, 1.38619)
step: 210	0.328125	(0.053833, 1.38836)
step: 211	0.329688	(0.0543469, 1.39053)
step: 212	0.33125	(0.0548633, 1.39271)
step: 213	0.332813	(0.0553821, 1.39489)
step: 214	0.334375	(0.0559033, 1.39707)
step: 215	0.335938	(0.056427, 1.39925)
step: 216	0.3375	(0.0569531, 1.40144)
step: 217	0.339063	(0.0574817, 1.40363)
step: 218	0.340625	(0.0580127, 1.40583)
step: 219	0.342188	(0.0585461, 1.40802)
step: 220	0.34375	(0.059082, 1.41023)
step: 221	0.345313	(0.0596204, 1.41243)
step: 222	0.346875	(0.0601611, 1.41464)
step: 223	0.348438	(0.0607043, 1.41685)
step: 224	0.35	(0.06125, 1.41907)
step: 225	0.351563	(0.0617981, 1.42129)
step: 226	0.353125	(0.0623486, 1.42351)
step: 227	0.354688	(0.0629016, 1.42574)
step: 228	0.35625	(0.063457, 1.42796)
step: 229	0.357813	(0.0640149, 1.4302)
step: 230	0.359375	(0.0645752, 1.43243)
step: 231	0.360938	(0.0651379, 1.43467)
step: 232	0.3625	(0.0657031, 1.43692)
step: 233	0.364063	(0.0662708, 1.43916)
step: 234	0.365625	(0.0668408, 1.44141)
step: 235	0.367188	(0.0674133, 1.44367)
step: 236	0.36875	(0.0679883, 1.44593)
step: 237	0.370313	(0.0685657, 1.44819)
step: 238	0.371875	(0.0691455, 1.45045)
step: 239	0.373438	(0.0697278, 1.45272)
step: 240	0.375	(0.0703125, 1.45499)
step: 241	0.376563	(0.0708997, 1.45727)
step: 242	0.378125	(0.0714893, 1.45955)
step: 243	0.379688	(0.0720813, 1.46183)
step: 244	0.38125	(0.0726758, 1.46411)
step: 245	0.382813	(0.0732727, 1.4664)
step: 246	0.384375	(0.0738721, 1.4687)
step: 247	0.385938	(0.0744739, 1.47099)
step: 248	0.3875	(0.0750781, 1.47329)
step: 249	0.389063	(0.0756848, 1.4756)
step: 250	0.390625	(0.0762939, 1.4779)
step: 251	0.392188	(0.0769055, 1.48022)
step: 252	0.39375	(0.0775195, 1.48253)
step: 253	0.395313	(0.078136, 1.48485)
step: 254	0.396875	(0.0787549, 1.48717)
step: 255	0.398438	(0.0793762, 1.4895)
step: 256	0.4	(0.08, 1.49182)
step: 257	0.401563	(0.0806262, 1.49416)
step: 258	0.403125	(0.0812549, 1.49649)
step: 259	0.404688	(0.081886, 1.49883)
step: 260	0.40625	(0.0825195, 1.50118)
step: 261	0.407813	(0.0831555, 1.50353)
step: 262	0.409375	(0.0837939, 1.50588)
step: 263	0.410938	(0.0844348, 1.50823)
step: 264	0.4125	(0.0850781, 1.51059)
step: 265	0.414063	(0.0857239, 1.51295)
step: 266	0.415625	(0.0863721, 1.51532)
step: 267	0.417188	(0.0870227, 1.51769)
step: 268	0.41875	(0.0876758, 1.52006)
step: 269	0.420313	(0.0883313, 1.52244)
step: 270	0.421875	(0.0889893, 1.52482)
step: 271	0.423438	(0.0896497, 1.5272)
step: 272	0.425	(0.0903125, 1.52959)
step: 273	0.426563	(0.0909778, 1.53198)
step: 274	0.428125	(0.0916455, 1.53438)
step: 275	0.429688	(0.0923157, 1.53678)
step: 276	0.43125	(0.0929883, 1.53918)
step: 277	0.432813	(0.0936633, 1.54159)
step: 278	0.434375	(0.0943408, 1.544)
step: 279	0.435938	(0.0950208, 1.54641)
step: 280	0.4375	(0.0957031, 1.54883)
step: 281	0.439063	(0.0963879, 1.55125)
step: 282	0.440625	(0.0970752, 1.55368)
step: 283	0.442188	(0.0977649, 1.55611)
step: 284	0.44375	(0.098457, 1.55854)
step: 285	0.445313	(0.0991516, 1.56098)
step: 286	0.446875	(0.0998486, 1.56342)
step: 287	0.448438	(0.100548, 1.56586)
step: 288	0.45	(0.10125, 1.56831)
step: 289	0.451563	(0.101954, 1.57076)
step: 290	0.453125	(0.102661, 1.57322)
step: 291	0.454688	(0.10337, 1.57568)
step: 292	0.45625	(0.104082, 1.57814)
step: 293	0.457813	(0.104796, 1.58061)
step: 294	0.459375	(0.105513, 1.58308)
step: 295	0.460938	(0.106232, 1.58556)
step: 296	0.4625	(0.106953, 1.58804)
step: 297	0.464063	(0.107677, 1.59052)
step: 298	0.465625	(0.108403, 1.59301)
step: 299	0.467188	(0.109132, 1.5955)
step: 300	0.46875	(0.109863, 1.598)
step: 301	0.470313	(0.110597, 1.60049)
step: 302	0.471875	(0.111333, 1.603)
step: 303	0.473438	(0.112072, 1.6055)
step: 304	0.475	(0.112813, 1.60801)
step: 305	0.476563	(0.113556, 1.61053)
step: 306	0.478125	(0.114302, 1.61305)
step: 307	0.479688	(0.11505, 1.61557)
step: 308	0.48125	(0.115801, 1.6181)
step: 309	0.482813	(0.116554, 1.62063)
step: 310	0.484375	(0.11731, 1.62316)
step: 311	0.485938	(0.118068, 1.6257)
step: 312	0.4875	(0.118828, 1.62824)
step: 313	0.489063	(0.119591, 1.63079)
step: 314	0.490625	(0.120356, 1.63334)
step: 315	0.492188	(0.121124, 1.63589)
step: 316	0.49375	(0.121895, 1.63845)
step: 317	0.495313	(0.122667, 1.64101)
step: 318	0.496875	(0.123442, 1.64358)
step: 319	0.498438	(0.12422, 1.64615)
step: 320	0.5	(0.125, 1.64872)
step: 321	0.501563	(0.125782, 1.6513)
step: 322	0.503125	(0.126567, 1.65388)
step: 323	0.504688	(0.127355, 1.65647)
step: 324	0.50625	(0.128145, 1.65906)
step: 325	0.507813	(0.128937, 1.66165)
step: 326	0.509375	(0.129731, 1.66425)
step: 327	0.510938	(0.130529, 1.66685)
step: 328	0.5125	(0.131328, 1.66946)
step: 329	0.514062	(0.13213, 1.67207)
step: 330	0.515625	(0.132935, 1.67468)
step: 331	0.517188	(0.133741, 1.6773)
step: 332	0.51875	(0.134551, 1.67993)
step: 333	0.520313	(0.135363, 1.68255)
step: 334	0.521875	(0.136177, 1.68518)
step: 335	0.523438	(0.136993, 1.68782)
step: 336	0.525	(0.137813, 1.69046)
step: 337	0.526563	(0.138634, 1.6931)
step: 338	0.528125	(0.139458, 1.69575)
step: 339	0.529687	(0.140284, 1.6984)
step: 340	0.53125	(0.141113, 1.70106)
step: 341	0.532813	(0.141945, 1.70372)
step: 342	0.534375	(0.142778, 1.70638)
step: 343	0.535938	(0.143615, 1.70905)
step: 344	0.5375	(0.144453, 1.71172)
step: 345	0.539063	(0.145294, 1.7144)
step: 346	0.540625	(0.146138, 1.71708)
step: 347	0.542188	(0.146984, 1.71976)
step: 348	0.54375	(0.147832, 1.72245)
step: 349	0.545312	(0.148683, 1.72515)
step: 350	0.546875	(0.149536, 1.72785)
step: 351	0.548438	(0.150392, 1.73055)
step: 352	0.55	(0.15125, 1.73325)
step: 353	0.551563	(0.152111, 1.73596)
step: 354	0.553125	(0.152974, 1.73868)
step: 355	0.554688	(0.153839, 1.7414)
step: 356	0.55625	(0.154707, 1.74412)
step: 357	0.557813	(0.155577, 1.74685)
step: 358	0.559375	(0.15645, 1.74958)
step: 359	0.560937	(0.157325, 1.75231)
step: 360	0.5625	(0.158203, 1.75505)
step: 361	0.564063	(0.159083, 1.7578)
step: 362	0.565625	(0.159966, 1.76055)
step: 363	0.567188	(0.160851, 1.7633)
step: 364	0.56875	(0.161738, 1.76606)
step: 365	0.570313	(0.162628, 1.76882)
step: 366	0.571875	(0.163521, 1.77159)
step: 367	0.573438	(0.164415, 1.77436)
step: 368	0.575	(0.165313, 1.77713)
step: 369	0.576562	(0.166212, 1.77991)
step: 370	0.578125	(0.167114, 1.78269)
step: 371	0.579688	(0.168019, 1.78548)
step: 372	0.58125	(0.168926, 1.78827)
step: 373	0.582813	(0.169835, 1.79107)
step: 374	0.584375	(0.170747, 1.79387)
step: 375	0.585938	(0.171661, 1.79667)
step: 376	0.5875	(0.172578, 1.79948)
step: 377	0.589063	(0.173497, 1.8023)
step: 378	0.590625	(0.174419, 1.80512)
step: 379	0.592187	(0.175343, 1.80794)
step: 380	0.59375	(0.17627, 1.81077)
step: 381	0.595313	(0.177198, 1.8136)
step: 382	0.596875	(0.17813, 1.81643)
step: 383	0.598438	(0.179064, 1.81927)
step: 384	0.6	(0.18, 1.82212)
step: 385	0.601563	(0.180939, 1.82497)
step: 386	0.603125	(0.18188, 1.82782)
step: 387	0.604688	(0.182823, 1.83068)
step: 388	0.60625	(0.18377, 1.83354)
step: 389	0.607813	(0.184718, 1.83641)
step: 390	0.609375	(0.185669, 1.83928)
step: 391	0.610938	(0.186622, 1.84216)
step: 392	0.6125	(0.187578, 1.84504)
step: 393	0.614063	(0.188536, 1.84792)
step: 394	0.615625	(0.189497, 1.85081)
step: 395	0.617188	(0.19046, 1.85371)
step: 396	0.61875	(0.191426, 1.85661)
step: 397	0.620313	(0.192394, 1.85951)
step: 398	0.621875	(0.193364, 1.86242)
step: 399	0.623438	(0.194337, 1.86533)
step: 400	0.625	(0.195313, 1.86825)
step: 401	0.626563	(0.19629, 1.87117)
step: 402	0.628125	(0.197271, 1.87409)
step: 403	0.629688	(0.198253, 1.87702)
step: 404	0.63125	(0.199238, 1.87996)
step: 405	0.632813	(0.200226, 1.8829)
step: 406	0.634375	(0.201216, 1.88584)
step: 407	0.635938	(0.202208, 1.88879)
step: 408	0.6375	(0.203203, 1.89175)
step: 409	0.639063	(0.2042, 1.8947)
step: 410	0.640625	(0.2052, 1.89767)
step: 411	0.642188	(0.206202, 1.90063)
step: 412	0.64375	(0.207207, 1.90361)
step: 413	0.645313	(0.208214, 1.90658)
step: 414	0.646875	(0.209224, 1.90956)
step: 415	0.648438	(0.210236, 1.91255)
step: 416	0.65	(0.21125, 1.91554)
step: 417	0.651563	(0.212267, 1.91854)
step: 418	0.653125	(0.213286, 1.92154)
step: 419	0.654688	(0.214308, 1.92454)
step: 420	0.65625	(0.215332, 1.92755)
step: 421	0.657813	(0.216359, 1.93056)
step: 422	0.659375	(0.217388, 1.93358)
step: 423	0.660938	(0.218419, 1.93661)
step: 424	0.6625	(0.219453, 1.93964)
step: 425	0.664063	(0.22049, 1.94267)
step: 426	0.665625	(0.221528, 1.94571)
step: 427	0.667188	(0.22257, 1.94875)
step: 428	0.66875	(0.223613, 1.9518)
step: 429	0.670313	(0.224659, 1.95485)
step: 430	0.671875	(0.225708, 1.9579)
step: 431	0.673438	(0.226759, 1.96097)
step: 432	0.675	(0.227813, 1.96403)
step: 433	0.676563	(0.228868, 1.9671)
step: 434	0.678125	(0.229927, 1.97018)
step: 435	0.679688	(0.230988, 1.97326)
step: 436	0.68125	(0.232051, 1.97635)
step: 437	0.682813	(0.233116, 1.97944)
step: 438	0.684375	(0.234185, 1.98253)
step: 439	0.685938	(0.235255, 1.98563)
step: 440	0.6875	(0.236328, 1.98874)
step: 441	0.689063	(0.237404, 1.99185)
step: 442	0.690625	(0.238481, 1.99496)
step: 443	0.692188	(0.239562, 1.99808)
step: 444	0.69375	(0.240645, 2.00121)
step: 445	0.695313	(0.24173, 2.00434)
step: 446	0.696875	(0.242817, 2.00747)
step: 447	0.698438	(0.243907, 2.01061)
step: 448	0.7	(0.245, 2.01375)
step: 449	0.701563	(0.246095, 2.0169)
step: 450	0.703125	(0.247192, 2.02006)
step: 451	0.704688	(0.248292, 2.02321)
step: 452	0.70625	(0.249395, 2.02638)
step: 453	0.707813	(0.250499, 2.02955)
step: 454	0.709375	(0.251606, 2.03272)
step: 455	0.710938	(0.252716, 2.0359)
step: 456	0.7125	(0.253828, 2.03908)
step: 457	0.714063	(0.254943, 2.04227)
step: 458	0.715625	(0.25606, 2.04546)
step: 459	0.717188	(0.257179, 2.04866)
step: 460	0.71875	(0.258301, 2.05187)
step: 461	0.720313	(0.259425, 2.05508)
step: 462	0.721875	(0.260552, 2.05829)
step: 463	0.723438	(0.261681, 2.06151)
step: 464	0.725	(0.262813, 2.06473)
step: 465	0.726563	(0.263947, 2.06796)
step: 466	0.728125	(0.265083, 2.07119)
step: 467	0.729688	(0.266222, 2.07443)
step: 468	0.73125	(0.267363, 2.07768)
step: 469	0.732813	(0.268507, 2.08092)
step: 470	0.734375	(0.269653, 2.08418)
step: 471	0.735938	(0.270802, 2.08744)
step: 472	0.7375	(0.271953, 2.0907)
step: 473	0.739063	(0.273107, 2.09397)
step: 474	0.740625	(0.274263, 2.09725)
step: 475	0.742188	(0.275421, 2.10053)
step: 476	0.74375	(0.276582, 2.10381)
step: 477	0.745313	(0.277745, 2.1071)
step: 478	0.746875	(0.278911, 2.11039)
step: 479	0.748438	(0.280079, 2.11369)
step: 480	0.75	(0.28125, 2.117)
step: 481	0.751563	(0.282423, 2.12031)
step: 482	0.753125	(0.283599, 2.12363)
step: 483	0.754688	(0.284777, 2.12695)
step: 484	0.75625	(0.285957, 2.13027)
step: 485	0.757813	(0.28714, 2.1336)
step: 486	0.759375	(0.288325, 2.13694)
step: 487	0.760938	(0.289513, 2.14028)
step: 488	0.7625	(0.290703, 2.14363)
step: 489	0.764063	(0.291896, 2.14698)
step: 490	0.765625	(0.293091, 2.15034)
step: 491	0.767188	(0.294288, 2.1537)
step: 492	0.76875	(0.295488, 2.15707)
step: 493	0.770313	(0.296691, 2.16044)
step: 494	0.771875	(0.297896, 2.16382)
step: 495	0.773438	(0.299103, 2.1672)
step: 496	0.775	(0.300313, 2.17059)
step: 497	0.776563	(0.301525, 2.17399)
step: 498	0.778125	(0.302739, 2.17739)
step: 499	0.779688	(0.303956, 2.18079)
step: 500	0.78125	(0.305176, 2.1842)
step: 501	0.782813	(0.306398, 2.18762)
step: 502	0.784375	(0.307622, 2.19104)
step: 503	0.785938	(0.308849, 2.19446)
step: 504	0.7875	(0.310078, 2.19789)
step: 505	0.789063	(0.31131, 2.20133)
step: 506	0.790625	(0.312544, 2.20477)
step: 507	0.792188	(0.313781, 2.20822)
step: 508	0.79375	(0.31502, 2.21167)
step: 509	0.795313	(0.316261, 2.21513)
step: 510	0.796875	(0.317505, 2.2186)
step: 511	0.798438	(0.318751, 2.22207)
step: 512	0.8	(0.32, 2.22554)
step: 513	0.801563	(0.321251, 2.22902)
step: 514	0.803125	(0.322505, 2.23251)
step: 515	0.804688	(0.323761, 2.236)
step: 516	0.80625	(0.32502, 2.23949)
step: 517	0.807813	(0.326281, 2.243)
step: 518	0.809375	(0.327544, 2.2465)
step: 519	0.810938	(0.32881, 2.25002)
step: 520	0.8125	(0.330078, 2.25353)
step: 521	0.814063	(0.331349, 2.25706)
step: 522	0.815625	(0.332622, 2.26059)
step: 523	0.817188	(0.333898, 2.26412)
step: 524	0.81875	(0.335176, 2.26766)
step: 525	0.820313	(0.336456, 2.27121)
step: 526	0.821875	(0.337739, 2.27476)
step: 527	0.823438	(0.339025, 2.27832)
step: 528	0.825	(0.340313, 2.28188)
step: 529	0.826563	(0.341603, 2.28545)
step: 530	0.828125	(0.342896, 2.28902)
step: 531	0.829688	(0.344191, 2.2926)
step: 532	0.83125	(0.345488, 2.29619)
step: 533	0.832813	(0.346788, 2.29978)
step: 534	0.834375	(0.348091, 2.30337)
step: 535	0.835938	(0.349396, 2.30698)
step: 536	0.8375	(0.350703, 2.31058)
step: 537	0.839063	(0.352013, 2.3142)
step: 538	0.840625	(0.353325, 2.31782)
step: 539	0.842188	(0.35464, 2.32144)
step: 540	0.84375	(0.355957, 2.32507)
step: 541	0.845313	(0.357277, 2.32871)
step: 542	0.846875	(0.358599, 2.33235)
step: 543	0.848438	(0.359923, 2.33599)
step: 544	0.85	(0.36125, 2.33965)
step: 545	0.851563	(0.362579, 2.34331)
step: 546	0.853125	(0.363911, 2.34697)
step: 547	0.854688	(0.365245, 2.35064)
step: 548	0.85625	(0.366582, 2.35432)
step: 549	0.857813	(0.367921, 2.358)
step: 550	0.859375	(0.369263, 2.36168)
step: 551	0.860938	(0.370607, 2.36538)
step: 552	0.8625	(0.371953, 2.36908)
step: 553	0.864063	(0.373302, 2.37278)
step: 554	0.865625	(0.374653, 2.37649)
step: 555	0.867188	(0.376007, 2.38021)
step: 556	0.86875	(0.377363, 2.38393)
step: 557	0.870313	(0.378722, 2.38766)
step: 558	0.871875	(0.380083, 2.39139)
step: 559	0.873438	(0.381447, 2.39513)
step: 560	0.875	(0.382813, 2.39888)
step: 561	0.876563	(0.384181, 2.40263)
step: 562	0.878125	(0.385552, 2.40638)
step: 563	0.879688	(0.386925, 2.41015)
step: 564	0.88125	(0.388301, 2.41392)
step: 565	0.882813	(0.389679, 2.41769)
step: 566	0.884375	(0.39106, 2.42147)
step: 567	0.885938	(0.392443, 2.42526)
step: 568	0.8875	(0.393828, 2.42905)
step: 569	0.889063	(0.395216, 2.43285)
step: 570	0.890625	(0.396606, 2.43665)
step: 571	0.892188	(0.397999, 2.44046)
step: 572	0.89375	(0.399395, 2.44428)
step: 573	0.895313	(0.400792, 2.4481)
step: 574	0.896875	(0.402192, 2.45193)
step: 575	0.898438	(0.403595, 2.45576)
step: 576	0.9	(0.405, 2.4596)
step: 577	0.901563	(0.406407, 2.46345)
step: 578	0.903125	(0.407817, 2.4673)
step: 579	0.904688	(0.40923, 2.47116)
step: 580	0.90625	(0.410645, 2.47502)
step: 581	0.907813	(0.412062, 2.47889)
step: 582	0.909375	(0.413481, 2.48277)
step: 583	0.910938	(0.414904, 2.48665)
step: 584	0.9125	(0.416328, 2.49054)
step: 585	0.914063	(0.417755, 2.49444)
step: 586	0.915625	(0.419185, 2.49834)
step: 587	0.917188	(0.420616, 2.50224)
step: 588	0.91875	(0.422051, 2.50616)
step: 589	0.920313	(0.423488, 2.51007)
step: 590	0.921875	(0.424927, 2.514)
step: 591	0.923438	(0.426368, 2.51793)
step: 592	0.925	(0.427813, 2.52187)
step: 593	0.926563	(0.429259, 2.52581)
step: 594	0.928125	(0.430708, 2.52976)
step: 595	0.929688	(0.432159, 2.53372)
step: 596	0.93125	(0.433613, 2.53768)
step: 597	0.932813	(0.43507, 2.54165)
step: 598	0.934375	(0.436528, 2.54562)
step: 599	0.935938	(0.43799, 2.5496)
step: 600	0.9375	(0.439453, 2.55359)
step: 601	0.939063	(0.440919, 2.55758)
step: 602	0.940625	(0.442388, 2.56158)
step: 603	0.942188	(0.443859, 2.56559)
step: 604	0.94375	(0.445332, 2.5696)
step: 605	0.945313	(0.446808, 2.57362)
step: 606	0.946875	(0.448286, 2.57764)
step: 607	0.948438	(0.449767, 2.58167)
step: 608	0.95	(0.45125, 2.58571)
step: 609	0.951563	(0.452736, 2.58975)
step: 610	0.953125	(0.454224, 2.5938)
step: 611	0.954688	(0.455714, 2.59786)
step: 612	0.95625	(0.457207, 2.60192)
step: 613	0.957813	(0.458702, 2.60599)
step: 614	0.959375	(0.4602, 2.61006)
step: 615	0.960938	(0.4617, 2.61415)
step: 616	0.9625	(0.463203, 2.61823)
step: 617	0.964063	(0.464708, 2.62233)
step: 618	0.965625	(0.466216, 2.62643)
step: 619	0.967188	(0.467726, 2.63054)
step: 620	0.96875	(0.469238, 2.63465)
step: 621	0.970313	(0.470753, 2.63877)
step: 622	0.971875	(0.472271, 2.6429)
step: 623	0.973438	(0.47379, 2.64703)
step: 624	0.975	(0.475313, 2.65117)
step: 625	0.976563	(0.476837, 2.65531)
step: 626	0.978125	(0.478364, 2.65947)
step: 627	0.979688	(0.479894, 2.66362)
step: 628	0.98125	(0.481426, 2.66779)
step: 629	0.982813	(0.48296, 2.67196)
step: 630	0.984375	(0.484497, 2.67614)
step: 631	0.985938	(0.486036, 2.68032)
step: 632	0.9875	(0.487578, 2.68451)
step: 633	0.989063	(0.489122, 2.68871)
step: 634	0.990625	(0.490669, 2.69292)
step: 635	0.992188	(0.492218, 2.69713)
step: 636	0.99375	(0.49377, 2.70135)
step: 637	0.995313	(0.495323, 2.70557)
step: 638	0.996875	(0.49688, 2.7098)
step: 639	0.998438	(0.498439, 2.71404)
step: 640	1	(0.5, 2.71828)
