step: 0	0	(0, 1)
step: 1	0.0555556	(0.00154321, 1.05713)
step: 2	0.111111	(0.00617284, 1.11752)
step: 3	0.166667	(0.0138889, 1.18136)
step: 4	0.222222	(0.0246914, 1.24885)
step: 5	0.277778	(0.0385802, 1.32019)
step: 6	0.333333	(0.0555556, 1.39561)
step: 7	0.388889	(0.0756173, 1.47534)
step: 8	0.444444	(0.0987654, 1.55962)
step: 9	0.5	(0.125, 1.64872)
step: 10	0.555556	(0.154321, 1.74291)
step: 11	0.611111	(0.186728, 1.84248)
step: 12	0.666667	(0.222222, 1.94773)
step: 13	0.722222	(0.260802, 2.059)
step: 14	0.777778	(0.302469, 2.17663)
step: 15	0.833333	(0.347222, 2.30098)
step: 16	0.888889	(0.395062, 2.43243)
step: 17	0.944444	(0.445988, 2.57138)
step: 18	1	(0.5, 2.71828)
