step: 0	0	(0, 1)
step: 1	0.003125	(4.88281e-06, 1.00313)
step: 2	0.00625	(1.95313e-05, 1.00627)
step: 3	0.009375	(4.39453e-05, 1.00942)
step: 4	0.0125	(7.8125e-05, 1.01258)
step: 5	0.015625	(0.00012207, 1.01575)
step: 6	0.01875	(0.000175781, 1.01893)
step: 7	0.021875	(0.000239258, 1.02212)
step: 8	0.025	(0.0003125, 1.02532)
step: 9	0.028125	(0.000395508, 1.02852)
step: 10	0.03125	(0.000488281, 1.03174)
step: 11	0.034375	(0.00059082, 1.03497)
step: 12	0.0375	(0.000703125, 1.03821)
step: 13	0.040625	(0.000825195, 1.04146)
step: 14	0.04375	(0.000957031, 1.04472)
step: 15	0.046875	(0.00109863, 1.04799)
step: 16	0.05	(0.00125, 1.05127)
step: 17	0.053125	(0.00141113, 1.05456)
step: 18	0.05625	(0.00158203, 1.05786)
step: 19	0.059375	(0.0017627, 1.06117)
step: 20	0.0625	(0.00195313, 1.06449)
step: 21	0.065625	(0.00215332, 1.06783)
step: 22	0.06875	(0.00236328, 1.07117)
step: 23	0.071875	(0.00258301, 1.07452)
step: 24	0.075	(0.0028125, 1.07788)
step: 25	0.078125	(0.00305176, 1.08126)
step: 26	0.08125	(0.00330078, 1.08464)
step: 27	0.084375	(0.00355957, 1.08804)
step: 28	0.0875	(0.00382812, 1.09144)
step: 29	0.090625	(0.00410645, 1.09486)
step: 30	0.09375	(0.00439453, 1.09829)
step: 31	0.096875	(0.00469238, 1.10172)
step: 32	0.1	(0.005, 1.10517)
step: 33	0.103125	(0.00531738, 1.10863)
step: 34	0.10625	(0.00564453, 1.1121)
step: 35	0.109375	(0.00598145, 1.11558)
step: 36	0.1125	(0.00632812, 1.11907)
step: 37	0.115625	(0.00668457, 1.12257)
step: 38	0.11875	(0.00705078, 1.12609)
step: 39	0.121875	(0.00742676, 1.12961)
step: 40	0.125	(0.0078125, 1.13315)
step: 41	0.128125	(0.00820801, 1.1367)
step: 42	0.13125	(0.00861328, 1.14025)
step: 43	0.134375	(0.00902832, 1.14382)
step: 44	0.1375	(0.00945312, 1.1474)
step: 45	0.140625	(0.0098877, 1.15099)
step: 46	0.14375	(0.010332, 1.1546)
step: 47	0.146875	(0.0107861, 1.15821)
step: 48	0.15	(0.01125, 1.16183)
step: 49	0.153125	(0.0117236, 1.16547)
step: 50	0.15625	(0.012207, 1.16912)
step: 51	0.159375	(0.0127002, 1.17278)
step: 52	0.1625	(0.0132031, 1.17645)
step: 53	0.165625	(0.0137158, 1.18013)
step: 54	0.16875	(0.0142383, 1.18382)
step: 55	0.171875	(0.0147705, 1.18753)
step: 56	0.175	(0.0153125, 1.19125)
step: 57	0.178125	(0.0158643, 1.19497)
step: 58	0.18125	(0.0164258, 1.19871)
step: 59	0.184375	(0.0169971, 1.20247)
step: 60	0.1875	(0.0175781, 1.20623)
step: 61	0.190625	(0.0181689, 1.21001)
step: 62	0.19375	(0.0187695, 1.21379)
step: 63	0.196875	(0.0193799, 1.21759)
step: 64	0.2	(0.02, 1.2214)
step: 65	0.203125	(0.0206299, 1.22523)
step: 66	0.20625	(0.0212695, 1.22906)
step: 67	0.209375	(0.0219189, 1.23291)
step: 68	0.2125	(0.0225781, 1.23677)
step: 69	0.215625	(0.0232471, 1.24064)
step: 70	0.21875	(0.0239258, 1.24452)
step: 71	0.221875	(0.0246143, 1.24842)
step: 72	0.225	(0.0253125, 1.25232)
step: 73	0.228125	(0.0260205, 1.25624)
step: 74	0.23125	(0.0267383, 1.26017)
step: 75	0.234375	(0.0274658, 1.26412)
step: 76	0.2375	(0.0282031, 1.26807)
step: 77	0.240625	(0.0289502, 1.27204)
step: 78	0.24375	(0.029707, 1.27603)
step: 79	0.246875	(0.0304736, 1.28002)
step: 80	0.25	(0.03125, 1.28403)
step: 81	0.253125	(0.0320361, 1.28804)
step: 82	0.25625	(0.032832, 1.29208)
step: 83	0.259375	(0.0336377, 1.29612)
step: 84	0.2625	(0.0344531, 1.30018)
step: 85	0.265625	(0.0352783, 1.30425)
step: 86	0.26875	(0.0361133, 1.30833)
step: 87	0.271875	(0.036958, 1.31242)
step: 88	0.275	(0.0378125, 1.31653)
step: 89	0.278125	(0.0386768, 1.32065)
step: 90	0.28125	(0.0395508, 1.32478)
step: 91	0.284375	(0.0404346, 1.32893)
step: 92	0.2875	(0.0413281, 1.33309)
step: 93	0.290625	(0.0422314, 1.33726)
step: 94	0.29375	(0.0431445, 1.34145)
step: 95	0.296875	(0.0440674, 1.34565)
step: 96	0.3	(0.045, 1.34986)
step: 97	0.303125	(0.0459424, 1.35408)
step: 98	0.30625	(0.0468945, 1.35832)
step: 99	0.309375	(0.0478564, 1.36257)
step: 100	0.3125	(0.0488281, 1.36684)
step: 101	0.315625	(0.0498096, 1.37112)
step: 102	0.31875	(0.0508008, 1.37541)
step: 103	0.321875	(0.0518018, 1.37971)
step: 104	0.325	(0.0528125, 1.38403)
step: 105	0.328125	(0.053833, 1.38836)
step: 106	0.33125	(0.0548633, 1.39271)
step: 107	0.334375	(0.0559033, 1.39707)
step: 108	0.3375	(0.0569531, 1.40144)
step: 109	0.340625	(0.0580127, 1.40583)
step: 110	0.34375	(0.059082, 1.41023)
step: 111	0.346875	(0.0601611, 1.41464)
step: 112	0.35	(0.06125, 1.41907)
step: 113	0.353125	(0.0623486, 1.42351)
step: 114	0.35625	(0.063457, 1.42796)
step: 115	0.359375	(0.0645752, 1.43243)
step: 116	0.3625	(0.0657031, 1.43692)
step: 117	0.365625	(0.0668408, 1.44141)
step: 118	0.36875	(0.0679883, 1.44593)
step: 119	0.371875	(0.0691455, 1.45045)
step: 120	0.375	(0.0703125, 1.45499)
step: 121	0.378125	(0.0714893, 1.45955)
step: 122	0.38125	(0.0726758, 1.46411)
step: 123	0.384375	(0.0738721, 1.4687)
step: 124	0.3875	(0.0750781, 1.47329)
step: 125	0.390625	(0.0762939, 1.4779)
step: 126	0.39375	(0.0775195, 1.48253)
step: 127	0.396875	(0.0787549, 1.48717)
step: 128	0.4	(0.08, 1.49182)
step: 129	0.403125	(0.0812549, 1.49649)
step: 130	0.40625	(0.0825195, 1.50118)
step: 131	0.409375	(0.0837939, 1.50588)
step: 132	0.4125	(0.0850781, 1.51059)
step: 133	0.415625	(0.0863721, 1.51532)
step: 134	0.41875	(0.0876758, 1.52006)
step: 135	0.421875	(0.0889893, 1.52482)
step: 136	0.425	(0.0903125, 1.52959)
step: 137	0.428125	(0.0916455, 1.53438)
step: 138	0.43125	(0.0929883, 1.53918)
step: 139	0.434375	(0.0943408, 1.544)
step: 140	0.4375	(0.0957031, 1.54883)
step: 141	0.440625	(0.0970752, 1.55368)
step: 142	0.44375	(0.098457, 1.55854)
step: 143	0.446875	(0.0998486, 1.56342)
step: 144	0.45	(0.10125, 1.56831)
step: 145	0.453125	(0.102661, 1.57322)
step: 146	0.45625	(0.104082, 1.57814)
step: 147	0.459375	(0.105513, 1.58308)
step: 148	0.4625	(0.106953, 1.58804)
step: 149	0.465625	(0.108403, 1.59301)
step: 150	0.46875	(0.109863, 1.598)
step: 151	0.471875	(0.111333, 1.603)
step: 152	0.475	(0.112812, 1.60801)
step: 153	0.478125	(0.114302, 1.61305)
step: 154	0.48125	(0.115801, 1.6181)
step: 155	0.484375	(0.11731, 1.62316)
step: 156	0.4875	(0.118828, 1.62824)
step: 157	0.490625	(0.120356, 1.63334)
step: 158	0.49375	(0.121895, 1.63845)
step: 159	0.496875	(0.123442, 1.64358)
step: 160	0.5	(0.125, 1.64872)
step: 161	0.503125	(0.126567, 1.65388)
step: 162	0.50625	(0.128145, 1.65906)
step: 163	0.509375	(0.129731, 1.66425)
step: 164	0.5125	(0.131328, 1.66946)
step: 165	0.515625	(0.132935, 1.67468)
step: 166	0.51875	(0.134551, 1.67993)
step: 167	0.521875	(0.136177, 1.68518)
step: 168	0.525	(0.137813, 1.69046)
step: 169	0.528125	(0.139458, 1.69575)
step: 170	0.53125	(0.141113, 1.70106)
step: 171	0.534375	(0.142778, 1.70638)
step: 172	0.5375	(0.144453, 1.71172)
step: 173	0.540625	(0.146138, 1.71708)
step: 174	0.54375	(0.147832, 1.72245)
step: 175	0.546875	(0.149536, 1.72785)
step: 176	0.55	(0.15125, 1.73325)
step: 177	0.553125	(0.152974, 1.73868)
step: 178	0.55625	(0.154707, 1.74412)
step: 179	0.559375	(0.15645, 1.74958)
step: 180	0.5625	(0.158203, 1.75505)
step: 181	0.565625	(0.159966, 1.76055)
step: 182	0.56875	(0.161738, 1.76606)
step: 183	0.571875	(0.163521, 1.77159)
step: 184	0.575	(0.165313, 1.77713)
step: 185	0.578125	(0.167114, 1.78269)
step: 186	0.58125	(0.168926, 1.78827)
step: 187	0.584375	(0.170747, 1.79387)
step: 188	0.5875	(0.172578, 1.79948)
step: 189	0.590625	(0.174419, 1.80512)
step: 190	0.59375	(0.17627, 1.81077)
step: 191	0.596875	(0.17813, 1.81643)
step: 192	0.6	(0.18, 1.82212)
step: 193	0.603125	(0.18188, 1.82782)
step: 194	0.60625	(0.18377, 1.83354)
step: 195	0.609375	(0.185669, 1.83928)
step: 196	0.6125	(0.187578, 1.84504)
step: 197	0.615625	(0.189497, 1.85081)
step: 198	0.61875	(0.191426, 1.85661)
step: 199	0.621875	(0.193364, 1.86242)
step: 200	0.625	(0.195313, 1.86825)
step: 201	0.628125	(0.197271, 1.87409)
step: 202	0.63125	(0.199238, 1.87996)
step: 203	0.634375	(0.201216, 1.88584)
step: 204	0.6375	(0.203203, 1.89175)
step: 205	0.640625	(0.2052, 1.89767)
step: 206	0.64375	(0.207207, 1.90361)
step: 207	0.646875	(0.209224, 1.90956)
step: 208	0.65	(0.21125, 1.91554)
step: 209	0.653125	(0.213286, 1.92154)
step: 210	0.65625	(0.215332, 1.92755)
step: 211	0.659375	(0.217388, 1.93358)
step: 212	0.6625	(0.219453, 1.93964)
step: 213	0.665625	(0.221528, 1.94571)
step: 214	0.66875	(0.223613, 1.9518)
step: 215	0.671875	(0.225708, 1.9579)
step: 216	0.675	(0.227813, 1.96403)
step: 217	0.678125	(0.229927, 1.97018)
step: 218	0.68125	(0.232051, 1.97635)
step: 219	0.684375	(0.234185, 1.98253)
step: 220	0.6875	(0.236328, 1.98874)
step: 221	0.690625	(0.238481, 1.99496)
step: 222	0.69375	(0.240645, 2.00121)
step: 223	0.696875	(0.242817, 2.00747)
step: 224	0.7	(0.245, 2.01375)
step: 225	0.703125	(0.247192, 2.02006)
step: 226	0.70625	(0.249395, 2.02638)
step: 227	0.709375	(0.251606, 2.03272)
step: 228	0.7125	(0.253828, 2.03908)
step: 229	0.715625	(0.25606, 2.04546)
step: 230	0.71875	(0.258301, 2.05187)
step: 231	0.721875	(0.260552, 2.05829)
step: 232	0.725	(0.262813, 2.06473)
step: 233	0.728125	(0.265083, 2.07119)
step: 234	0.73125	(0.267363, 2.07768)
step: 235	0.734375	(0.269653, 2.08418)
step: 236	0.7375	(0.271953, 2.0907)
step: 237	0.740625	(0.274263, 2.09725)
step: 238	0.74375	(0.276582, 2.10381)
step: 239	0.746875	(0.278911, 2.11039)
step: 240	0.75	(0.28125, 2.117)
step: 241	0.753125	(0.283599, 2.12363)
step: 242	0.75625	(0.285957, 2.13027)
step: 243	0.759375	(0.288325, 2.13694)
step: 244	0.7625	(0.290703, 2.14363)
step: 245	0.765625	(0.293091, 2.15034)
step: 246	0.76875	(0.295488, 2.15707)
step: 247	0.771875	(0.297896, 2.16382)
step: 248	0.775	(0.300313, 2.17059)
step: 249	0.778125	(0.302739, 2.17739)
step: 250	0.78125	(0.305176, 2.1842)
step: 251	0.784375	(0.307622, 2.19104)
step: 252	0.7875	(0.310078, 2.19789)
step: 253	0.790625	(0.312544, 2.20477)
step: 254	0.79375	(0.31502, 2.21167)
step: 255	0.796875	(0.317505, 2.2186)
step: 256	0.8	(0.32, 2.22554)
step: 257	0.803125	(0.322505, 2.23251)
step: 258	0.80625	(0.32502, 2.23949)
step: 259	0.809375	(0.327544, 2.2465)
step: 260	0.8125	(0.330078, 2.25353)
step: 261	0.815625	(0.332622, 2.26059)
step: 262	0.81875	(0.335176, 2.26766)
step: 263	0.821875	(0.337739, 2.27476)
step: 264	0.825	(0.340313, 2.28188)
step: 265	0.828125	(0.342896, 2.28902)
step: 266	0.83125	(0.345488, 2.29619)
step: 267	0.834375	(0.348091, 2.30337)
step: 268	0.8375	(0.350703, 2.31058)
step: 269	0.840625	(0.353325, 2.31782)
step: 270	0.84375	(0.355957, 2.32507)
step: 271	0.846875	(0.358599, 2.33235)
step: 272	0.85	(0.36125, 2.33965)
step: 273	0.853125	(0.363911, 2.34697)
step: 274	0.85625	(0.366582, 2.35432)
step: 275	0.859375	(0.369263, 2.36168)
step: 276	0.8625	(0.371953, 2.36908)
step: 277	0.865625	(0.374653, 2.37649)
step: 278	0.86875	(0.377363, 2.38393)
step: 279	0.871875	(0.380083, 2.39139)
step: 280	0.875	(0.382813, 2.39888)
step: 281	0.878125	(0.385552, 2.40638)
step: 282	0.88125	(0.388301, 2.41392)
step: 283	0.884375	(0.39106, 2.42147)
step: 284	0.8875	(0.393828, 2.42905)
step: 285	0.890625	(0.396606, 2.43665)
step: 286	0.89375	(0.399395, 2.44428)
step: 287	0.896875	(0.402192, 2.45193)
step: 288	0.9	(0.405, 2.4596)
step: 289	0.903125	(0.407817, 2.4673)
step: 290	0.90625	(0.410645, 2.47502)
step: 291	0.909375	(0.413481, 2.48277)
step: 292	0.9125	(0.416328, 2.49054)
step: 293	0.915625	(0.419185, 2.49834)
step: 294	0.91875	(0.422051, 2.50616)
step: 295	0.921875	(0.424927, 2.514)
step: 296	0.925	(0.427813, 2.52187)
step: 297	0.928125	(0.430708, 2.52976)
step: 298	0.93125	(0.433613, 2.53768)
step: 299	0.934375	(0.436528, 2.54562)
step: 300	0.9375	(0.439453, 2.55359)
step: 301	0.940625	(0.442388, 2.56158)
step: 302	0.94375	(0.445332, 2.5696)
step: 303	0.946875	(0.448286, 2.57764)
step: 304	0.95	(0.45125, 2.58571)
step: 305	0.953125	(0.454224, 2.5938)
step: 306	0.95625	(0.457207, 2.60192)
step: 307	0.959375	(0.4602, 2.61006)
step: 308	0.9625	(0.463203, 2.61823)
step: 309	0.965625	(0.466216, 2.62643)
step: 310	0.96875	(0.469238, 2.63465)
step: 311	0.971875	(0.472271, 2.6429)
step: 312	0.975	(0.475313, 2.65117)
step: 313	0.978125	(0.478364, 2.65947)
step: 314	0.98125	(0.481426, 2.66779)
step: 315	0.984375	(0.484497, 2.67614)
step: 316	0.9875	(0.487578, 2.68451)
step: 317	0.990625	(0.490669, 2.69292)
step: 318	0.99375	(0.49377, 2.70135)
step: 320	1	(0.49688, 2.7098)
