step: 0	0	(0, 1)
step: 1	0.05	(0.00125, 1.05127)
step: 2	0.1	(0.005, 1.10517)
step: 3	0.15	(0.01125, 1.16183)
step: 4	0.2	(0.02, 1.2214)
step: 5	0.25	(0.03125, 1.28403)
step: 6	0.3	(0.045, 1.34986)
step: 7	0.35	(0.06125, 1.41907)
step: 8	0.4	(0.08, 1.49182)
step: 9	0.45	(0.10125, 1.56831)
step: 10	0.5	(0.125, 1.64872)
step: 11	0.55	(0.15125, 1.73325)
step: 12	0.6	(0.18, 1.82212)
step: 13	0.65	(0.21125, 1.91554)
step: 14	0.7	(0.245, 2.01375)
step: 15	0.75	(0.28125, 2.117)
step: 16	0.8	(0.32, 2.22554)
step: 17	0.85	(0.36125, 2.33965)
step: 18	0.9	(0.405, 2.4596)
step: 19	1	(0.45125, 2.58571)
