step: 0	0	(0, 1)
step: 1	0.0666667	(0.00222222, 1.06894)
step: 2	0.133333	(0.00888889, 1.14263)
step: 3	0.2	(0.02, 1.2214)
step: 4	0.266667	(0.0355556, 1.30561)
step: 5	0.333333	(0.0555556, 1.39561)
step: 6	0.4	(0.08, 1.49182)
step: 7	0.466667	(0.108889, 1.59467)
step: 8	0.533333	(0.142222, 1.7046)
step: 9	0.6	(0.18, 1.82212)
step: 10	0.666667	(0.222222, 1.94773)
step: 11	0.733333	(0.268889, 2.08201)
step: 12	0.8	(0.32, 2.22554)
step: 13	0.866667	(0.375556, 2.37897)
step: 14	0.933333	(0.435556, 2.54297)
step: 15	1	(0.5, 2.71828)
