step: 0	0	(0, 1)
step: 1	0.015625	(0.00012207, 1.01575)
step: 2	0.03125	(0.000488281, 1.03174)
step: 3	0.046875	(0.00109863, 1.04799)
step: 4	0.0625	(0.00195313, 1.06449)
step: 5	0.078125	(0.00305176, 1.08126)
step: 6	0.09375	(0.00439453, 1.09829)
step: 7	0.109375	(0.00598145, 1.11558)
step: 8	0.125	(0.0078125, 1.13315)
step: 9	0.140625	(0.0098877, 1.15099)
step: 10	0.15625	(0.012207, 1.16912)
step: 11	0.171875	(0.0147705, 1.18753)
step: 12	0.1875	(0.0175781, 1.20623)
step: 13	0.203125	(0.0206299, 1.22523)
step: 14	0.21875	(0.0239258, 1.24452)
step: 15	0.234375	(0.0274658, 1.26412)
step: 16	0.25	(0.03125, 1.28403)
step: 17	0.265625	(0.0352783, 1.30425)
step: 18	0.28125	(0.0395508, 1.32478)
step: 19	0.296875	(0.0440674, 1.34565)
step: 20	0.3125	(0.0488281, 1.36684)
step: 21	0.328125	(0.053833, 1.38836)
step: 22	0.34375	(0.059082, 1.41023)
step: 23	0.359375	(0.0645752, 1.43243)
step: 24	0.375	(0.0703125, 1.45499)
step: 25	0.390625	(0.0762939, 1.4779)
step: 26	0.40625	(0.0825195, 1.50118)
step: 27	0.421875	(0.0889893, 1.52482)
step: 28	0.4375	(0.0957031, 1.54883)
step: 29	0.453125	(0.102661, 1.57322)
step: 30	0.46875	(0.109863, 1.598)
step: 31	0.484375	(0.11731, 1.62316)
step: 32	0.5	(0.125, 1.64872)
step: 33	0.515625	(0.132935, 1.67468)
step: 34	0.53125	(0.141113, 1.70106)
step: 35	0.546875	(0.149536, 1.72785)
step: 36	0.5625	(0.158203, 1.75505)
step: 37	0.578125	(0.167114, 1.78269)
step: 38	0.59375	(0.17627, 1.81077)
step: 39	0.609375	(0.185669, 1.83928)
step: 40	0.625	(0.195313, 1.86825)
step: 41	0.640625	(0.2052, 1.89767)
step: 42	0.65625	(0.215332, 1.92755)
step: 43	0.671875	(0.225708, 1.9579)
step: 44	0.6875	(0.236328, 1.98874)
step: 45	0.703125	(0.247192, 2.02006)
step: 46	0.71875	(0.258301, 2.05187)
step: 47	0.734375	(0.269653, 2.08418)
step: 48	0.75	(0.28125, 2.117)
step: 49	0.765625	(0.293091, 2.15034)
step: 50	0.78125	(0.305176, 2.1842)
step: 51	0.796875	(0.317505, 2.2186)
step: 52	0.8125	(0.330078, 2.25353)
step: 53	0.828125	(0.342896, 2.28902)
step: 54	0.84375	(0.355957, 2.32507)
step: 55	0.859375	(0.369263, 2.36168)
step: 56	0.875	(0.382813, 2.39888)
step: 57	0.890625	(0.396606, 2.43665)
step: 58	0.90625	(0.410645, 2.47502)
step: 59	0.921875	(0.424927, 2.514)
step: 60	0.9375	(0.439453, 2.55359)
step: 61	0.953125	(0.454224, 2.5938)
step: 62	0.96875	(0.469238, 2.63465)
step: 63	0.984375	(0.484497, 2.67614)
step: 64	1	(0.5, 2.71828)
