step: 0	0	(0, 1)
step: 1	0.025	(0.0003125, 1.02532)
step: 2	0.05	(0.00125, 1.05127)
step: 3	0.075	(0.0028125, 1.07788)
step: 4	0.1	(0.005, 1.10517)
step: 5	0.125	(0.0078125, 1.13315)
step: 6	0.15	(0.01125, 1.16183)
step: 7	0.175	(0.0153125, 1.19125)
step: 8	0.2	(0.02, 1.2214)
step: 9	0.225	(0.0253125, 1.25232)
step: 10	0.25	(0.03125, 1.28403)
step: 11	0.275	(0.0378125, 1.31653)
step: 12	0.3	(0.045, 1.34986)
step: 13	0.325	(0.0528125, 1.38403)
step: 14	0.35	(0.06125, 1.41907)
step: 15	0.375	(0.0703125, 1.45499)
step: 16	0.4	(0.08, 1.49182)
step: 17	0.425	(0.0903125, 1.52959)
step: 18	0.45	(0.10125, 1.56831)
step: 19	0.475	(0.112813, 1.60801)
step: 20	0.5	(0.125, 1.64872)
step: 21	0.525	(0.137813, 1.69046)
step: 22	0.55	(0.15125, 1.73325)
step: 23	0.575	(0.165313, 1.77713)
step: 24	0.6	(0.18, 1.82212)
step: 25	0.625	(0.195313, 1.86825)
step: 26	0.65	(0.21125, 1.91554)
step: 27	0.675	(0.227813, 1.96403)
step: 28	0.7	(0.245, 2.01375)
step: 29	0.725	(0.262813, 2.06473)
step: 30	0.75	(0.28125, 2.117)
step: 31	0.775	(0.300312, 2.17059)
step: 32	0.8	(0.32, 2.22554)
step: 33	0.825	(0.340312, 2.28188)
step: 34	0.85	(0.36125, 2.33965)
step: 35	0.875	(0.382812, 2.39888)
step: 36	0.9	(0.405, 2.4596)
step: 37	0.925	(0.427812, 2.52187)
step: 38	0.95	(0.45125, 2.58571)
step: 39	1	(0.475312, 2.65117)
