step: 0	0	(0, 1)
step: 1	0.0625	(0.00195313, 1.06449)
step: 2	0.125	(0.0078125, 1.13315)
step: 3	0.1875	(0.0175781, 1.20623)
step: 4	0.25	(0.03125, 1.28403)
step: 5	0.3125	(0.0488281, 1.36684)
step: 6	0.375	(0.0703125, 1.45499)
step: 7	0.4375	(0.0957031, 1.54883)
step: 8	0.5	(0.125, 1.64872)
step: 9	0.5625	(0.158203, 1.75505)
step: 10	0.625	(0.195313, 1.86825)
step: 11	0.6875	(0.236328, 1.98874)
step: 12	0.75	(0.28125, 2.117)
step: 13	0.8125	(0.330078, 2.25353)
step: 14	0.875	(0.382813, 2.39888)
step: 15	0.9375	(0.439453, 2.55359)
step: 16	1	(0.5, 2.71828)
