step: 0	0	(0, 1)
step: 1	0.00078125	(3.05176e-07, 1.00078)
step: 2	0.0015625	(1.2207e-06, 1.00156)
step: 3	0.00234375	(2.74658e-06, 1.00235)
step: 4	0.003125	(4.88281e-06, 1.00313)
step: 5	0.00390625	(7.62939e-06, 1.00391)
step: 6	0.0046875	(1.09863e-05, 1.0047)
step: 7	0.00546875	(1.49536e-05, 1.00548)
step: 8	0.00625	(1.95313e-05, 1.00627)
step: 9	0.00703125	(2.47192e-05, 1.00706)
step: 10	0.0078125	(3.05176e-05, 1.00784)
step: 11	0.00859375	(3.69263e-05, 1.00863)
step: 12	0.009375	(4.39453e-05, 1.00942)
step: 13	0.0101563	(5.15747e-05, 1.01021)
step: 14	0.0109375	(5.98145e-05, 1.011)
step: 15	0.0117188	(6.86646e-05, 1.01179)
step: 16	0.0125	(7.8125e-05, 1.01258)
step: 17	0.0132813	(8.81958e-05, 1.01337)
step: 18	0.0140625	(9.8877e-05, 1.01416)
step: 19	0.0148438	(0.000110168, 1.01495)
step: 20	0.015625	(0.00012207, 1.01575)
step: 21	0.0164063	(0.000134583, 1.01654)
step: 22	0.0171875	(0.000147705, 1.01734)
step: 23	0.0179688	(0.000161438, 1.01813)
step: 24	0.01875	(0.000175781, 1.01893)
step: 25	0.0195313	(0.000190735, 1.01972)
step: 26	0.0203125	(0.000206299, 1.02052)
step: 27	0.0210938	(0.000222473, 1.02132)
step: 28	0.021875	(0.000239258, 1.02212)
step: 29	0.0226563	(0.000256653, 1.02291)
step: 30	0.0234375	(0.000274658, 1.02371)
step: 31	0.0242188	(0.000293274, 1.02451)
step: 32	0.025	(0.0003125, 1.02532)
step: 33	0.0257813	(0.000332336, 1.02612)
step: 34	0.0265625	(0.000352783, 1.02692)
step: 35	0.0273438	(0.00037384, 1.02772)
step: 36	0.028125	(0.000395508, 1.02852)
step: 37	0.0289063	(0.000417786, 1.02933)
step: 38	0.0296875	(0.000440674, 1.03013)
step: 39	0.0304688	(0.000464172, 1.03094)
step: 40	0.03125	(0.000488281, 1.03174)
step: 41	0.0320313	(0.000513, 1.03255)
step: 42	0.0328125	(0.00053833, 1.03336)
step: 43	0.0335937	(0.00056427, 1.03416)
step: 44	0.034375	(0.00059082, 1.03497)
step: 45	0.0351563	(0.000617981, 1.03578)
step: 46	0.0359375	(0.000645752, 1.03659)
step: 47	0.0367188	(0.000674133, 1.0374)
step: 48	0.0375	(0.000703125, 1.03821)
step: 49	0.0382813	(0.000732727, 1.03902)
step: 50	0.0390625	(0.000762939, 1.03984)
step: 51	0.0398438	(0.000793762, 1.04065)
step: 52	0.040625	(0.000825195, 1.04146)
step: 53	0.0414063	(0.000857239, 1.04228)
step: 54	0.0421875	(0.000889893, 1.04309)
step: 55	0.0429688	(0.000923157, 1.04391)
step: 56	0.04375	(0.000957031, 1.04472)
step: 57	0.0445313	(0.000991516, 1.04554)
step: 58	0.0453125	(0.00102661, 1.04635)
step: 59	0.0460938	(0.00106232, 1.04717)
step: 60	0.046875	(0.00109863, 1.04799)
step: 61	0.0476563	(0.00113556, 1.04881)
step: 62	0.0484375	(0.0011731, 1.04963)
step: 63	0.0492188	(0.00121124, 1.05045)
step: 64	0.05	(0.00125, 1.05127)
step: 65	0.0507813	(0.00128937, 1.05209)
step: 66	0.0515625	(0.00132935, 1.05291)
step: 67	0.0523438	(0.00136993, 1.05374)
step: 68	0.053125	(0.00141113, 1.05456)
step: 69	0.0539063	(0.00145294, 1.05539)
step: 70	0.0546875	(0.00149536, 1.05621)
step: 71	0.0554688	(0.00153839, 1.05704)
step: 72	0.05625	(0.00158203, 1.05786)
step: 73	0.0570313	(0.00162628, 1.05869)
step: 74	0.0578125	(0.00167114, 1.05952)
step: 75	0.0585938	(0.00171661, 1.06034)
step: 76	0.059375	(0.0017627, 1.06117)
step: 77	0.0601563	(0.00180939, 1.062)
step: 78	0.0609375	(0.00185669, 1.06283)
step: 79	0.0617188	(0.0019046, 1.06366)
step: 80	0.0625	(0.00195313, 1.06449)
step: 81	0.0632812	(0.00200226, 1.06533)
step: 82	0.0640625	(0.002052, 1.06616)
step: 83	0.0648438	(0.00210236, 1.06699)
step: 84	0.065625	(0.00215332, 1.06783)
step: 85	0.0664063	(0.0022049, 1.06866)
step: 86	0.0671875	(0.00225708, 1.0695)
step: 87	0.0679688	(0.00230988, 1.07033)
step: 88	0.06875	(0.00236328, 1.07117)
step: 89	0.0695313	(0.0024173, 1.07201)
step: 90	0.0703125	(0.00247192, 1.07284)
step: 91	0.0710937	(0.00252716, 1.07368)
step: 92	0.071875	(0.00258301, 1.07452)
step: 93	0.0726563	(0.00263947, 1.07536)
step: 94	0.0734375	(0.00269653, 1.0762)
step: 95	0.0742188	(0.00275421, 1.07704)
step: 96	0.075	(0.0028125, 1.07788)
step: 97	0.0757813	(0.0028714, 1.07873)
step: 98	0.0765625	(0.00293091, 1.07957)
step: 99	0.0773438	(0.00299103, 1.08041)
step: 100	0.078125	(0.00305176, 1.08126)
step: 101	0.0789063	(0.0031131, 1.0821)
step: 102	0.0796875	(0.00317505, 1.08295)
step: 103	0.0804688	(0.00323761, 1.08379)
step: 104	0.08125	(0.00330078, 1.08464)
step: 105	0.0820313	(0.00336456, 1.08549)
step: 106	0.0828125	(0.00342896, 1.08634)
step: 107	0.0835938	(0.00349396, 1.08719)
step: 108	0.084375	(0.00355957, 1.08804)
step: 109	0.0851563	(0.00362579, 1.08889)
step: 110	0.0859375	(0.00369263, 1.08974)
step: 111	0.0867188	(0.00376007, 1.09059)
step: 112	0.0875	(0.00382812, 1.09144)
step: 113	0.0882813	(0.00389679, 1.0923)
step: 114	0.0890625	(0.00396606, 1.09315)
step: 115	0.0898438	(0.00403595, 1.094)
step: 116	0.090625	(0.00410645, 1.09486)
step: 117	0.0914063	(0.00417755, 1.09571)
step: 118	0.0921875	(0.00424927, 1.09657)
step: 119	0.0929688	(0.00432159, 1.09743)
step: 120	0.09375	(0.00439453, 1.09829)
step: 121	0.0945313	(0.00446808, 1.09914)
step: 122	0.0953125	(0.00454224, 1.1)
step: 123	0.0960938	(0.004617, 1.10086)
step: 124	0.096875	(0.00469238, 1.10172)
step: 125	0.0976563	(0.00476837, 1.10258)
step: 126	0.0984375	(0.00484497, 1.10345)
step: 127	0.0992188	(0.00492218, 1.10431)
step: 128	0.1	(0.005, 1.10517)
step: 129	0.100781	(0.00507843, 1.10603)
step: 130	0.101563	(0.00515747, 1.1069)
step: 131	0.102344	(0.00523712, 1.10776)
step: 132	0.103125	(0.00531738, 1.10863)
step: 133	0.103906	(0.00539825, 1.1095)
step: 134	0.104688	(0.00547974, 1.11036)
step: 135	0.105469	(0.00556183, 1.11123)
step: 136	0.10625	(0.00564453, 1.1121)
step: 137	0.107031	(0.00572784, 1.11297)
step: 138	0.107813	(0.00581177, 1.11384)
step: 139	0.108594	(0.0058963, 1.11471)
step: 140	0.109375	(0.00598145, 1.11558)
step: 141	0.110156	(0.0060672, 1.11645)
step: 142	0.110938	(0.00615356, 1.11733)
step: 143	0.111719	(0.00624054, 1.1182)
step: 144	0.1125	(0.00632813, 1.11907)
step: 145	0.113281	(0.00641632, 1.11995)
step: 146	0.114063	(0.00650513, 1.12082)
step: 147	0.114844	(0.00659454, 1.1217)
step: 148	0.115625	(0.00668457, 1.12257)
step: 149	0.116406	(0.00677521, 1.12345)
step: 150	0.117188	(0.00686646, 1.12433)
step: 151	0.117969	(0.00695831, 1.12521)
step: 152	0.11875	(0.00705078, 1.12609)
step: 153	0.119531	(0.00714386, 1.12697)
step: 154	0.120313	(0.00723755, 1.12785)
step: 155	0.121094	(0.00733185, 1.12873)
step: 156	0.121875	(0.00742676, 1.12961)
step: 157	0.122656	(0.00752228, 1.1305)
step: 158	0.123438	(0.00761841, 1.13138)
step: 159	0.124219	(0.00771515, 1.13226)
step: 160	0.125	(0.0078125, 1.13315)
step: 161	0.125781	(0.00791046, 1.13403)
step: 162	0.126562	(0.00800903, 1.13492)
step: 163	0.127344	(0.00810822, 1.13581)
step: 164	0.128125	(0.00820801, 1.1367)
step: 165	0.128906	(0.00830841, 1.13758)
step: 166	0.129688	(0.00840942, 1.13847)
step: 167	0.130469	(0.00851105, 1.13936)
step: 168	0.13125	(0.00861328, 1.14025)
step: 169	0.132031	(0.00871613, 1.14114)
step: 170	0.132813	(0.00881958, 1.14204)
step: 171	0.133594	(0.00892365, 1.14293)
step: 172	0.134375	(0.00902832, 1.14382)
step: 173	0.135156	(0.00913361, 1.14472)
step: 174	0.135938	(0.0092395, 1.14561)
step: 175	0.136719	(0.00934601, 1.14651)
step: 176	0.1375	(0.00945313, 1.1474)
step: 177	0.138281	(0.00956085, 1.1483)
step: 178	0.139063	(0.00966919, 1.1492)
step: 179	0.139844	(0.00977814, 1.15009)
step: 180	0.140625	(0.0098877, 1.15099)
step: 181	0.141406	(0.00999786, 1.15189)
step: 182	0.142187	(0.0101086, 1.15279)
step: 183	0.142969	(0.01022, 1.15369)
step: 184	0.14375	(0.010332, 1.1546)
step: 185	0.144531	(0.0104446, 1.1555)
step: 186	0.145313	(0.0105579, 1.1564)
step: 187	0.146094	(0.0106717, 1.1573)
step: 188	0.146875	(0.0107861, 1.15821)
step: 189	0.147656	(0.0109012, 1.15911)
step: 190	0.148438	(0.0110168, 1.16002)
step: 191	0.149219	(0.0111331, 1.16093)
step: 192	0.15	(0.01125, 1.16183)
step: 193	0.150781	(0.0113675, 1.16274)
step: 194	0.151563	(0.0114856, 1.16365)
step: 195	0.152344	(0.0116043, 1.16456)
step: 196	0.153125	(0.0117236, 1.16547)
step: 197	0.153906	(0.0118436, 1.16638)
step: 198	0.154688	(0.0119641, 1.16729)
step: 199	0.155469	(0.0120853, 1.16821)
step: 200	0.15625	(0.012207, 1.16912)
step: 201	0.157031	(0.0123294, 1.17003)
step: 202	0.157813	(0.0124524, 1.17095)
step: 203	0.158594	(0.012576, 1.17186)
step: 204	0.159375	(0.0127002, 1.17278)
step: 205	0.160156	(0.012825, 1.17369)
step: 206	0.160938	(0.0129504, 1.17461)
step: 207	0.161719	(0.0130765, 1.17553)
step: 208	0.1625	(0.0132031, 1.17645)
step: 209	0.163281	(0.0133304, 1.17737)
step: 210	0.164063	(0.0134583, 1.17829)
step: 211	0.164844	(0.0135867, 1.17921)
step: 212	0.165625	(0.0137158, 1.18013)
step: 213	0.166406	(0.0138455, 1.18105)
step: 214	0.167188	(0.0139758, 1.18198)
step: 215	0.167969	(0.0141068, 1.1829)
step: 216	0.16875	(0.0142383, 1.18382)
step: 217	0.169531	(0.0143704, 1.18475)
step: 218	0.170313	(0.0145032, 1.18568)
step: 219	0.171094	(0.0146365, 1.1866)
step: 220	0.171875	(0.0147705, 1.18753)
step: 221	0.172656	(0.0149051, 1.18846)
step: 222	0.173438	(0.0150403, 1.18939)
step: 223	0.174219	(0.0151761, 1.19032)
step: 224	0.175	(0.0153125, 1.19125)
step: 225	0.175781	(0.0154495, 1.19218)
step: 226	0.176563	(0.0155872, 1.19311)
step: 227	0.177344	(0.0157254, 1.19404)
step: 228	0.178125	(0.0158643, 1.19497)
step: 229	0.178906	(0.0160037, 1.19591)
step: 230	0.179688	(0.0161438, 1.19684)
step: 231	0.180469	(0.0162845, 1.19778)
step: 232	0.18125	(0.0164258, 1.19871)
step: 233	0.182031	(0.0165677, 1.19965)
step: 234	0.182813	(0.0167102, 1.20059)
step: 235	0.183594	(0.0168533, 1.20153)
step: 236	0.184375	(0.0169971, 1.20247)
step: 237	0.185156	(0.0171414, 1.20341)
step: 238	0.185938	(0.0172864, 1.20435)
step: 239	0.186719	(0.0174319, 1.20529)
step: 240	0.1875	(0.0175781, 1.20623)
step: 241	0.188281	(0.0177249, 1.20717)
step: 242	0.189063	(0.0178723, 1.20812)
step: 243	0.189844	(0.0180203, 1.20906)
step: 244	0.190625	(0.0181689, 1.21001)
step: 245	0.191406	(0.0183182, 1.21095)
step: 246	0.192188	(0.018468, 1.2119)
step: 247	0.192969	(0.0186185, 1.21284)
step: 248	0.19375	(0.0187695, 1.21379)
step: 249	0.194531	(0.0189212, 1.21474)
step: 250	0.195313	(0.0190735, 1.21569)
step: 251	0.196094	(0.0192264, 1.21664)
step: 252	0.196875	(0.0193799, 1.21759)
step: 253	0.197656	(0.019534, 1.21854)
step: 254	0.198438	(0.0196887, 1.2195)
step: 255	0.199219	(0.0198441, 1.22045)
step: 256	0.2	(0.02, 1.2214)
step: 257	0.200781	(0.0201566, 1.22236)
step: 258	0.201563	(0.0203137, 1.22331)
step: 259	0.202344	(0.0204715, 1.22427)
step: 260	0.203125	(0.0206299, 1.22523)
step: 261	0.203906	(0.0207889, 1.22618)
step: 262	0.204688	(0.0209485, 1.22714)
step: 263	0.205469	(0.0211087, 1.2281)
step: 264	0.20625	(0.0212695, 1.22906)
step: 265	0.207031	(0.021431, 1.23002)
step: 266	0.207813	(0.021593, 1.23098)
step: 267	0.208594	(0.0217557, 1.23194)
step: 268	0.209375	(0.0219189, 1.23291)
step: 269	0.210156	(0.0220828, 1.23387)
step: 270	0.210938	(0.0222473, 1.23484)
step: 271	0.211719	(0.0224124, 1.2358)
step: 272	0.2125	(0.0225781, 1.23677)
step: 273	0.213281	(0.0227444, 1.23773)
step: 274	0.214063	(0.0229114, 1.2387)
step: 275	0.214844	(0.0230789, 1.23967)
step: 276	0.215625	(0.0232471, 1.24064)
step: 277	0.216406	(0.0234158, 1.24161)
step: 278	0.217188	(0.0235852, 1.24258)
step: 279	0.217969	(0.0237552, 1.24355)
step: 280	0.21875	(0.0239258, 1.24452)
step: 281	0.219531	(0.024097, 1.24549)
step: 282	0.220313	(0.0242688, 1.24647)
step: 283	0.221094	(0.0244412, 1.24744)
step: 284	0.221875	(0.0246143, 1.24842)
step: 285	0.222656	(0.0247879, 1.24939)
step: 286	0.223438	(0.0249622, 1.25037)
step: 287	0.224219	(0.025137, 1.25134)
step: 288	0.225	(0.0253125, 1.25232)
step: 289	0.225781	(0.0254886, 1.2533)
step: 290	0.226563	(0.0256653, 1.25428)
step: 291	0.227344	(0.0258426, 1.25526)
step: 292	0.228125	(0.0260205, 1.25624)
step: 293	0.228906	(0.026199, 1.25722)
step: 294	0.229688	(0.0263782, 1.25821)
step: 295	0.230469	(0.0265579, 1.25919)
step: 296	0.23125	(0.0267383, 1.26017)
step: 297	0.232031	(0.0269193, 1.26116)
step: 298	0.232813	(0.0271008, 1.26214)
step: 299	0.233594	(0.027283, 1.26313)
step: 300	0.234375	(0.0274658, 1.26412)
step: 301	0.235156	(0.0276492, 1.26511)
step: 302	0.235938	(0.0278333, 1.2661)
step: 303	0.236719	(0.0280179, 1.26708)
step: 304	0.2375	(0.0282031, 1.26807)
step: 305	0.238281	(0.028389, 1.26907)
step: 306	0.239063	(0.0285754, 1.27006)
step: 307	0.239844	(0.0287625, 1.27105)
step: 308	0.240625	(0.0289502, 1.27204)
step: 309	0.241406	(0.0291385, 1.27304)
step: 310	0.242188	(0.0293274, 1.27403)
step: 311	0.242969	(0.0295169, 1.27503)
step: 312	0.24375	(0.029707, 1.27603)
step: 313	0.244531	(0.0298978, 1.27702)
step: 314	0.245313	(0.0300891, 1.27802)
step: 315	0.246094	(0.0302811, 1.27902)
step: 316	0.246875	(0.0304736, 1.28002)
step: 317	0.247656	(0.0306668, 1.28102)
step: 318	0.248438	(0.0308606, 1.28202)
step: 319	0.249219	(0.031055, 1.28302)
step: 320	0.25	(0.03125, 1.28403)
step: 321	0.250781	(0.0314456, 1.28503)
step: 322	0.251563	(0.0316418, 1.28603)
step: 323	0.252344	(0.0318387, 1.28704)
step: 324	0.253125	(0.0320361, 1.28804)
step: 325	0.253906	(0.0322342, 1.28905)
step: 326	0.254688	(0.0324329, 1.29006)
step: 327	0.255469	(0.0326321, 1.29107)
step: 328	0.25625	(0.032832, 1.29208)
step: 329	0.257031	(0.0330325, 1.29309)
step: 330	0.257813	(0.0332336, 1.2941)
step: 331	0.258594	(0.0334354, 1.29511)
step: 332	0.259375	(0.0336377, 1.29612)
step: 333	0.260156	(0.0338406, 1.29713)
step: 334	0.260937	(0.0340442, 1.29815)
step: 335	0.261719	(0.0342484, 1.29916)
step: 336	0.2625	(0.0344531, 1.30018)
step: 337	0.263281	(0.0346585, 1.30119)
step: 338	0.264063	(0.0348645, 1.30221)
step: 339	0.264844	(0.0350711, 1.30323)
step: 340	0.265625	(0.0352783, 1.30425)
step: 341	0.266406	(0.0354861, 1.30527)
step: 342	0.267188	(0.0356946, 1.30629)
step: 343	0.267969	(0.0359036, 1.30731)
step: 344	0.26875	(0.0361133, 1.30833)
step: 345	0.269531	(0.0363235, 1.30935)
step: 346	0.270313	(0.0365344, 1.31037)
step: 347	0.271094	(0.0367459, 1.3114)
step: 348	0.271875	(0.036958, 1.31242)
step: 349	0.272656	(0.0371707, 1.31345)
step: 350	0.273438	(0.037384, 1.31448)
step: 351	0.274219	(0.037598, 1.3155)
step: 352	0.275	(0.0378125, 1.31653)
step: 353	0.275781	(0.0380276, 1.31756)
step: 354	0.276562	(0.0382434, 1.31859)
step: 355	0.277344	(0.0384598, 1.31962)
step: 356	0.278125	(0.0386768, 1.32065)
step: 357	0.278906	(0.0388943, 1.32168)
step: 358	0.279688	(0.0391125, 1.32272)
step: 359	0.280469	(0.0393314, 1.32375)
step: 360	0.28125	(0.0395508, 1.32478)
step: 361	0.282031	(0.0397708, 1.32582)
step: 362	0.282813	(0.0399915, 1.32686)
step: 363	0.283594	(0.0402127, 1.32789)
step: 364	0.284375	(0.0404346, 1.32893)
step: 365	0.285156	(0.040657, 1.32997)
step: 366	0.285938	(0.0408801, 1.33101)
step: 367	0.286719	(0.0411038, 1.33205)
step: 368	0.2875	(0.0413281, 1.33309)
step: 369	0.288281	(0.041553, 1.33413)
step: 370	0.289063	(0.0417786, 1.33518)
step: 371	0.289844	(0.0420047, 1.33622)
step: 372	0.290625	(0.0422314, 1.33726)
step: 373	0.291406	(0.0424588, 1.33831)
step: 374	0.292187	(0.0426868, 1.33935)
step: 375	0.292969	(0.0429153, 1.3404)
step: 376	0.29375	(0.0431445, 1.34145)
step: 377	0.294531	(0.0433743, 1.3425)
step: 378	0.295313	(0.0436047, 1.34355)
step: 379	0.296094	(0.0438358, 1.3446)
step: 380	0.296875	(0.0440674, 1.34565)
step: 381	0.297656	(0.0442996, 1.3467)
step: 382	0.298438	(0.0445325, 1.34775)
step: 383	0.299219	(0.0447659, 1.3488)
step: 384	0.3	(0.045, 1.34986)
step: 385	0.300781	(0.0452347, 1.35091)
step: 386	0.301563	(0.04547, 1.35197)
step: 387	0.302344	(0.0457059, 1.35303)
step: 388	0.303125	(0.0459424, 1.35408)
step: 389	0.303906	(0.0461795, 1.35514)
step: 390	0.304688	(0.0464172, 1.3562)
step: 391	0.305469	(0.0466556, 1.35726)
step: 392	0.30625	(0.0468945, 1.35832)
step: 393	0.307031	(0.0471341, 1.35938)
step: 394	0.307813	(0.0473743, 1.36045)
step: 395	0.308594	(0.0476151, 1.36151)
step: 396	0.309375	(0.0478564, 1.36257)
step: 397	0.310156	(0.0480984, 1.36364)
step: 398	0.310938	(0.0483411, 1.3647)
step: 399	0.311719	(0.0485843, 1.36577)
step: 400	0.3125	(0.0488281, 1.36684)
step: 401	0.313281	(0.0490726, 1.36791)
step: 402	0.314063	(0.0493176, 1.36898)
step: 403	0.314844	(0.0495633, 1.37005)
step: 404	0.315625	(0.0498096, 1.37112)
step: 405	0.316406	(0.0500565, 1.37219)
step: 406	0.317188	(0.050304, 1.37326)
step: 407	0.317969	(0.0505521, 1.37433)
step: 408	0.31875	(0.0508008, 1.37541)
step: 409	0.319531	(0.0510501, 1.37648)
step: 410	0.320313	(0.0513, 1.37756)
step: 411	0.321094	(0.0515506, 1.37863)
step: 412	0.321875	(0.0518018, 1.37971)
step: 413	0.322656	(0.0520535, 1.38079)
step: 414	0.323438	(0.0523059, 1.38187)
step: 415	0.324219	(0.0525589, 1.38295)
step: 416	0.325	(0.0528125, 1.38403)
step: 417	0.325781	(0.0530667, 1.38511)
step: 418	0.326563	(0.0533215, 1.38619)
step: 419	0.327344	(0.053577, 1.38728)
step: 420	0.328125	(0.053833, 1.38836)
step: 421	0.328906	(0.0540897, 1.38945)
step: 422	0.329688	(0.0543469, 1.39053)
step: 423	0.330469	(0.0546048, 1.39162)
step: 424	0.33125	(0.0548633, 1.39271)
step: 425	0.332031	(0.0551224, 1.3938)
step: 426	0.332813	(0.0553821, 1.39489)
step: 427	0.333594	(0.0556424, 1.39598)
step: 428	0.334375	(0.0559033, 1.39707)
step: 429	0.335156	(0.0561649, 1.39816)
step: 430	0.335938	(0.056427, 1.39925)
step: 431	0.336719	(0.0566898, 1.40035)
step: 432	0.3375	(0.0569531, 1.40144)
step: 433	0.338281	(0.0572171, 1.40253)
step: 434	0.339063	(0.0574817, 1.40363)
step: 435	0.339844	(0.0577469, 1.40473)
step: 436	0.340625	(0.0580127, 1.40583)
step: 437	0.341406	(0.0582791, 1.40692)
step: 438	0.342188	(0.0585461, 1.40802)
step: 439	0.342969	(0.0588138, 1.40912)
step: 440	0.34375	(0.059082, 1.41023)
step: 441	0.344531	(0.0593509, 1.41133)
step: 442	0.345313	(0.0596204, 1.41243)
step: 443	0.346094	(0.0598904, 1.41354)
step: 444	0.346875	(0.0601611, 1.41464)
step: 445	0.347656	(0.0604324, 1.41575)
step: 446	0.348438	(0.0607043, 1.41685)
step: 447	0.349219	(0.0609769, 1.41796)
step: 448	0.35	(0.06125, 1.41907)
step: 449	0.350781	(0.0615237, 1.42018)
step: 450	0.351563	(0.0617981, 1.42129)
step: 451	0.352344	(0.0620731, 1.4224)
step: 452	0.353125	(0.0623486, 1.42351)
step: 453	0.353906	(0.0626248, 1.42462)
step: 454	0.354688	(0.0629016, 1.42574)
step: 455	0.355469	(0.063179, 1.42685)
step: 456	0.35625	(0.063457, 1.42796)
step: 457	0.357031	(0.0637357, 1.42908)
step: 458	0.357813	(0.0640149, 1.4302)
step: 459	0.358594	(0.0642947, 1.43132)
step: 460	0.359375	(0.0645752, 1.43243)
step: 461	0.360156	(0.0648563, 1.43355)
step: 462	0.360938	(0.0651379, 1.43467)
step: 463	0.361719	(0.0654202, 1.4358)
step: 464	0.3625	(0.0657031, 1.43692)
step: 465	0.363281	(0.0659866, 1.43804)
step: 466	0.364063	(0.0662708, 1.43916)
step: 467	0.364844	(0.0665555, 1.44029)
step: 468	0.365625	(0.0668408, 1.44141)
step: 469	0.366406	(0.0671268, 1.44254)
step: 470	0.367188	(0.0674133, 1.44367)
step: 471	0.367969	(0.0677005, 1.4448)
step: 472	0.36875	(0.0679883, 1.44593)
step: 473	0.369531	(0.0682767, 1.44706)
step: 474	0.370313	(0.0685657, 1.44819)
step: 475	0.371094	(0.0688553, 1.44932)
step: 476	0.371875	(0.0691455, 1.45045)
step: 477	0.372656	(0.0694363, 1.45159)
step: 478	0.373438	(0.0697278, 1.45272)
step: 479	0.374219	(0.0700198, 1.45386)
step: 480	0.375	(0.0703125, 1.45499)
step: 481	0.375781	(0.0706058, 1.45613)
step: 482	0.376563	(0.0708997, 1.45727)
step: 483	0.377344	(0.0711942, 1.45841)
step: 484	0.378125	(0.0714893, 1.45955)
step: 485	0.378906	(0.071785, 1.46069)
step: 486	0.379688	(0.0720813, 1.46183)
step: 487	0.380469	(0.0723782, 1.46297)
step: 488	0.38125	(0.0726758, 1.46411)
step: 489	0.382031	(0.0729739, 1.46526)
step: 490	0.382813	(0.0732727, 1.4664)
step: 491	0.383594	(0.0735721, 1.46755)
step: 492	0.384375	(0.0738721, 1.4687)
step: 493	0.385156	(0.0741727, 1.46984)
step: 494	0.385938	(0.0744739, 1.47099)
step: 495	0.386719	(0.0747757, 1.47214)
step: 496	0.3875	(0.0750781, 1.47329)
step: 497	0.388281	(0.0753812, 1.47444)
step: 498	0.389063	(0.0756848, 1.4756)
step: 499	0.389844	(0.0759891, 1.47675)
step: 500	0.390625	(0.0762939, 1.4779)
step: 501	0.391406	(0.0765994, 1.47906)
step: 502	0.392188	(0.0769055, 1.48022)
step: 503	0.392969	(0.0772122, 1.48137)
step: 504	0.39375	(0.0775195, 1.48253)
step: 505	0.394531	(0.0778275, 1.48369)
step: 506	0.395313	(0.078136, 1.48485)
step: 507	0.396094	(0.0784451, 1.48601)
step: 508	0.396875	(0.0787549, 1.48717)
step: 509	0.397656	(0.0790652, 1.48833)
step: 510	0.398438	(0.0793762, 1.4895)
step: 511	0.399219	(0.0796878, 1.49066)
step: 512	0.4	(0.08, 1.49182)
step: 513	0.400781	(0.0803128, 1.49299)
step: 514	0.401563	(0.0806262, 1.49416)
step: 515	0.402344	(0.0809402, 1.49533)
step: 516	0.403125	(0.0812549, 1.49649)
step: 517	0.403906	(0.0815701, 1.49766)
step: 518	0.404688	(0.081886, 1.49883)
step: 519	0.405469	(0.0822025, 1.50001)
step: 520	0.40625	(0.0825195, 1.50118)
step: 521	0.407031	(0.0828372, 1.50235)
step: 522	0.407813	(0.0831555, 1.50353)
step: 523	0.408594	(0.0834744, 1.5047)
step: 524	0.409375	(0.0837939, 1.50588)
step: 525	0.410156	(0.0841141, 1.50705)
step: 526	0.410938	(0.0844348, 1.50823)
step: 527	0.411719	(0.0847562, 1.50941)
step: 528	0.4125	(0.0850781, 1.51059)
step: 529	0.413281	(0.0854007, 1.51177)
step: 530	0.414063	(0.0857239, 1.51295)
step: 531	0.414844	(0.0860477, 1.51413)
step: 532	0.415625	(0.0863721, 1.51532)
step: 533	0.416406	(0.0866971, 1.5165)
step: 534	0.417188	(0.0870227, 1.51769)
step: 535	0.417969	(0.0873489, 1.51887)
step: 536	0.41875	(0.0876758, 1.52006)
step: 537	0.419531	(0.0880032, 1.52125)
step: 538	0.420313	(0.0883313, 1.52244)
step: 539	0.421094	(0.08866, 1.52363)
step: 540	0.421875	(0.0889893, 1.52482)
step: 541	0.422656	(0.0893192, 1.52601)
step: 542	0.423438	(0.0896497, 1.5272)
step: 543	0.424219	(0.0899808, 1.5284)
step: 544	0.425	(0.0903125, 1.52959)
step: 545	0.425781	(0.0906448, 1.53079)
step: 546	0.426563	(0.0909778, 1.53198)
step: 547	0.427344	(0.0913113, 1.53318)
step: 548	0.428125	(0.0916455, 1.53438)
step: 549	0.428906	(0.0919803, 1.53558)
step: 550	0.429688	(0.0923157, 1.53678)
step: 551	0.430469	(0.0926517, 1.53798)
step: 552	0.43125	(0.0929883, 1.53918)
step: 553	0.432031	(0.0933255, 1.54038)
step: 554	0.432813	(0.0936633, 1.54159)
step: 555	0.433594	(0.0940018, 1.54279)
step: 556	0.434375	(0.0943408, 1.544)
step: 557	0.435156	(0.0946805, 1.5452)
step: 558	0.435938	(0.0950208, 1.54641)
step: 559	0.436719	(0.0953616, 1.54762)
step: 560	0.4375	(0.0957031, 1.54883)
step: 561	0.438281	(0.0960452, 1.55004)
step: 562	0.439063	(0.0963879, 1.55125)
step: 563	0.439844	(0.0967313, 1.55246)
step: 564	0.440625	(0.0970752, 1.55368)
step: 565	0.441406	(0.0974197, 1.55489)
step: 566	0.442188	(0.0977649, 1.55611)
step: 567	0.442969	(0.0981107, 1.55732)
step: 568	0.44375	(0.098457, 1.55854)
step: 569	0.444531	(0.098804, 1.55976)
step: 570	0.445313	(0.0991516, 1.56098)
step: 571	0.446094	(0.0994998, 1.5622)
step: 572	0.446875	(0.0998486, 1.56342)
step: 573	0.447656	(0.100198, 1.56464)
step: 574	0.448438	(0.100548, 1.56586)
step: 575	0.449219	(0.100899, 1.56709)
step: 576	0.45	(0.10125, 1.56831)
step: 577	0.450781	(0.101602, 1.56954)
step: 578	0.451563	(0.101954, 1.57076)
step: 579	0.452344	(0.102307, 1.57199)
step: 580	0.453125	(0.102661, 1.57322)
step: 581	0.453906	(0.103015, 1.57445)
step: 582	0.454688	(0.10337, 1.57568)
step: 583	0.455469	(0.103726, 1.57691)
step: 584	0.45625	(0.104082, 1.57814)
step: 585	0.457031	(0.104439, 1.57938)
step: 586	0.457813	(0.104796, 1.58061)
step: 587	0.458594	(0.105154, 1.58185)
step: 588	0.459375	(0.105513, 1.58308)
step: 589	0.460156	(0.105872, 1.58432)
step: 590	0.460938	(0.106232, 1.58556)
step: 591	0.461719	(0.106592, 1.5868)
step: 592	0.4625	(0.106953, 1.58804)
step: 593	0.463281	(0.107315, 1.58928)
step: 594	0.464063	(0.107677, 1.59052)
step: 595	0.464844	(0.10804, 1.59177)
step: 596	0.465625	(0.108403, 1.59301)
step: 597	0.466406	(0.108767, 1.59425)
step: 598	0.467188	(0.109132, 1.5955)
step: 599	0.467969	(0.109497, 1.59675)
step: 600	0.46875	(0.109863, 1.598)
step: 601	0.469531	(0.11023, 1.59924)
step: 602	0.470313	(0.110597, 1.60049)
step: 603	0.471094	(0.110965, 1.60175)
step: 604	0.471875	(0.111333, 1.603)
step: 605	0.472656	(0.111702, 1.60425)
step: 606	0.473438	(0.112072, 1.6055)
step: 607	0.474219	(0.112442, 1.60676)
step: 608	0.475	(0.112813, 1.60801)
step: 609	0.475781	(0.113184, 1.60927)
step: 610	0.476563	(0.113556, 1.61053)
step: 611	0.477344	(0.113929, 1.61179)
step: 612	0.478125	(0.114302, 1.61305)
step: 613	0.478906	(0.114676, 1.61431)
step: 614	0.479688	(0.11505, 1.61557)
step: 615	0.480469	(0.115425, 1.61683)
step: 616	0.48125	(0.115801, 1.6181)
step: 617	0.482031	(0.116177, 1.61936)
step: 618	0.482813	(0.116554, 1.62063)
step: 619	0.483594	(0.116931, 1.62189)
step: 620	0.484375	(0.11731, 1.62316)
step: 621	0.485156	(0.117688, 1.62443)
step: 622	0.485938	(0.118068, 1.6257)
step: 623	0.486719	(0.118448, 1.62697)
step: 624	0.4875	(0.118828, 1.62824)
step: 625	0.488281	(0.119209, 1.62951)
step: 626	0.489063	(0.119591, 1.63079)
step: 627	0.489844	(0.119973, 1.63206)
step: 628	0.490625	(0.120356, 1.63334)
step: 629	0.491406	(0.12074, 1.63461)
step: 630	0.492188	(0.121124, 1.63589)
step: 631	0.492969	(0.121509, 1.63717)
step: 632	0.49375	(0.121895, 1.63845)
step: 633	0.494531	(0.122281, 1.63973)
step: 634	0.495313	(0.122667, 1.64101)
step: 635	0.496094	(0.123055, 1.64229)
step: 636	0.496875	(0.123442, 1.64358)
step: 637	0.497656	(0.123831, 1.64486)
step: 638	0.498438	(0.12422, 1.64615)
step: 639	0.499219	(0.12461, 1.64743)
step: 640	0.5	(0.125, 1.64872)
step: 641	0.500781	(0.125391, 1.65001)
step: 642	0.501563	(0.125782, 1.6513)
step: 643	0.502344	(0.126175, 1.65259)
step: 644	0.503125	(0.126567, 1.65388)
step: 645	0.503906	(0.126961, 1.65517)
step: 646	0.504688	(0.127355, 1.65647)
step: 647	0.505469	(0.127749, 1.65776)
step: 648	0.50625	(0.128145, 1.65906)
step: 649	0.507031	(0.12854, 1.66035)
step: 650	0.507813	(0.128937, 1.66165)
step: 651	0.508594	(0.129334, 1.66295)
step: 652	0.509375	(0.129731, 1.66425)
step: 653	0.510156	(0.13013, 1.66555)
step: 654	0.510938	(0.130529, 1.66685)
step: 655	0.511719	(0.130928, 1.66816)
step: 656	0.5125	(0.131328, 1.66946)
step: 657	0.513281	(0.131729, 1.67076)
step: 658	0.514062	(0.13213, 1.67207)
step: 659	0.514844	(0.132532, 1.67338)
step: 660	0.515625	(0.132935, 1.67468)
step: 661	0.516406	(0.133338, 1.67599)
step: 662	0.517188	(0.133741, 1.6773)
step: 663	0.517969	(0.134146, 1.67861)
step: 664	0.51875	(0.134551, 1.67993)
step: 665	0.519531	(0.134956, 1.68124)
step: 666	0.520313	(0.135363, 1.68255)
step: 667	0.521094	(0.135769, 1.68387)
step: 668	0.521875	(0.136177, 1.68518)
step: 669	0.522656	(0.136585, 1.6865)
step: 670	0.523438	(0.136993, 1.68782)
step: 671	0.524219	(0.137403, 1.68914)
step: 672	0.525	(0.137813, 1.69046)
step: 673	0.525781	(0.138223, 1.69178)
step: 674	0.526563	(0.138634, 1.6931)
step: 675	0.527344	(0.139046, 1.69443)
step: 676	0.528125	(0.139458, 1.69575)
step: 677	0.528906	(0.139871, 1.69708)
step: 678	0.529687	(0.140284, 1.6984)
step: 679	0.530469	(0.140699, 1.69973)
step: 680	0.53125	(0.141113, 1.70106)
step: 681	0.532031	(0.141529, 1.70239)
step: 682	0.532813	(0.141945, 1.70372)
step: 683	0.533594	(0.142361, 1.70505)
step: 684	0.534375	(0.142778, 1.70638)
step: 685	0.535156	(0.143196, 1.70772)
step: 686	0.535938	(0.143615, 1.70905)
step: 687	0.536719	(0.144034, 1.71039)
step: 688	0.5375	(0.144453, 1.71172)
step: 689	0.538281	(0.144873, 1.71306)
step: 690	0.539063	(0.145294, 1.7144)
step: 691	0.539844	(0.145716, 1.71574)
step: 692	0.540625	(0.146138, 1.71708)
step: 693	0.541406	(0.14656, 1.71842)
step: 694	0.542188	(0.146984, 1.71976)
step: 695	0.542969	(0.147408, 1.72111)
step: 696	0.54375	(0.147832, 1.72245)
step: 697	0.544531	(0.148257, 1.7238)
step: 698	0.545312	(0.148683, 1.72515)
step: 699	0.546094	(0.149109, 1.7265)
step: 700	0.546875	(0.149536, 1.72785)
step: 701	0.547656	(0.149964, 1.7292)
step: 702	0.548438	(0.150392, 1.73055)
step: 703	0.549219	(0.150821, 1.7319)
step: 704	0.55	(0.15125, 1.73325)
step: 705	0.550781	(0.15168, 1.73461)
step: 706	0.551563	(0.152111, 1.73596)
step: 707	0.552344	(0.152542, 1.73732)
step: 708	0.553125	(0.152974, 1.73868)
step: 709	0.553906	(0.153406, 1.74004)
step: 710	0.554688	(0.153839, 1.7414)
step: 711	0.555469	(0.154273, 1.74276)
step: 712	0.55625	(0.154707, 1.74412)
step: 713	0.557031	(0.155142, 1.74548)
step: 714	0.557813	(0.155577, 1.74685)
step: 715	0.558594	(0.156013, 1.74821)
step: 716	0.559375	(0.15645, 1.74958)
step: 717	0.560156	(0.156888, 1.75095)
step: 718	0.560937	(0.157325, 1.75231)
step: 719	0.561719	(0.157764, 1.75368)
step: 720	0.5625	(0.158203, 1.75505)
step: 721	0.563281	(0.158643, 1.75643)
step: 722	0.564063	(0.159083, 1.7578)
step: 723	0.564844	(0.159524, 1.75917)
step: 724	0.565625	(0.159966, 1.76055)
step: 725	0.566406	(0.160408, 1.76192)
step: 726	0.567188	(0.160851, 1.7633)
step: 727	0.567969	(0.161294, 1.76468)
step: 728	0.56875	(0.161738, 1.76606)
step: 729	0.569531	(0.162183, 1.76744)
step: 730	0.570313	(0.162628, 1.76882)
step: 731	0.571094	(0.163074, 1.7702)
step: 732	0.571875	(0.163521, 1.77159)
step: 733	0.572656	(0.163968, 1.77297)
step: 734	0.573438	(0.164415, 1.77436)
step: 735	0.574219	(0.164864, 1.77574)
step: 736	0.575	(0.165313, 1.77713)
step: 737	0.575781	(0.165762, 1.77852)
step: 738	0.576562	(0.166212, 1.77991)
step: 739	0.577344	(0.166663, 1.7813)
step: 740	0.578125	(0.167114, 1.78269)
step: 741	0.578906	(0.167566, 1.78409)
step: 742	0.579688	(0.168019, 1.78548)
step: 743	0.580469	(0.168472, 1.78688)
step: 744	0.58125	(0.168926, 1.78827)
step: 745	0.582031	(0.16938, 1.78967)
step: 746	0.582813	(0.169835, 1.79107)
step: 747	0.583594	(0.170291, 1.79247)
step: 748	0.584375	(0.170747, 1.79387)
step: 749	0.585156	(0.171204, 1.79527)
step: 750	0.585938	(0.171661, 1.79667)
step: 751	0.586719	(0.172119, 1.79808)
step: 752	0.5875	(0.172578, 1.79948)
step: 753	0.588281	(0.173037, 1.80089)
step: 754	0.589063	(0.173497, 1.8023)
step: 755	0.589844	(0.173958, 1.80371)
step: 756	0.590625	(0.174419, 1.80512)
step: 757	0.591406	(0.174881, 1.80653)
step: 758	0.592187	(0.175343, 1.80794)
step: 759	0.592969	(0.175806, 1.80935)
step: 760	0.59375	(0.17627, 1.81077)
step: 761	0.594531	(0.176734, 1.81218)
step: 762	0.595313	(0.177198, 1.8136)
step: 763	0.596094	(0.177664, 1.81502)
step: 764	0.596875	(0.17813, 1.81643)
step: 765	0.597656	(0.178596, 1.81785)
step: 766	0.598438	(0.179064, 1.81927)
step: 767	0.599219	(0.179532, 1.8207)
step: 768	0.6	(0.18, 1.82212)
step: 769	0.600781	(0.180469, 1.82354)
step: 770	0.601563	(0.180939, 1.82497)
step: 771	0.602344	(0.181409, 1.82639)
step: 772	0.603125	(0.18188, 1.82782)
step: 773	0.603906	(0.182351, 1.82925)
step: 774	0.604688	(0.182823, 1.83068)
step: 775	0.605469	(0.183296, 1.83211)
step: 776	0.60625	(0.18377, 1.83354)
step: 777	0.607031	(0.184243, 1.83498)
step: 778	0.607813	(0.184718, 1.83641)
step: 779	0.608594	(0.185193, 1.83785)
step: 780	0.609375	(0.185669, 1.83928)
step: 781	0.610156	(0.186145, 1.84072)
step: 782	0.610938	(0.186622, 1.84216)
step: 783	0.611719	(0.1871, 1.8436)
step: 784	0.6125	(0.187578, 1.84504)
step: 785	0.613281	(0.188057, 1.84648)
step: 786	0.614063	(0.188536, 1.84792)
step: 787	0.614844	(0.189016, 1.84937)
step: 788	0.615625	(0.189497, 1.85081)
step: 789	0.616406	(0.189978, 1.85226)
step: 790	0.617188	(0.19046, 1.85371)
step: 791	0.617969	(0.190943, 1.85516)
step: 792	0.61875	(0.191426, 1.85661)
step: 793	0.619531	(0.191909, 1.85806)
step: 794	0.620313	(0.192394, 1.85951)
step: 795	0.621094	(0.192879, 1.86096)
step: 796	0.621875	(0.193364, 1.86242)
step: 797	0.622656	(0.19385, 1.86387)
step: 798	0.623438	(0.194337, 1.86533)
step: 799	0.624219	(0.194825, 1.86679)
step: 800	0.625	(0.195313, 1.86825)
step: 801	0.625781	(0.195801, 1.86971)
step: 802	0.626563	(0.19629, 1.87117)
step: 803	0.627344	(0.19678, 1.87263)
step: 804	0.628125	(0.197271, 1.87409)
step: 805	0.628906	(0.197762, 1.87556)
step: 806	0.629688	(0.198253, 1.87702)
step: 807	0.630469	(0.198745, 1.87849)
step: 808	0.63125	(0.199238, 1.87996)
step: 809	0.632031	(0.199732, 1.88143)
step: 810	0.632813	(0.200226, 1.8829)
step: 811	0.633594	(0.200721, 1.88437)
step: 812	0.634375	(0.201216, 1.88584)
step: 813	0.635156	(0.201712, 1.88732)
step: 814	0.635938	(0.202208, 1.88879)
step: 815	0.636719	(0.202705, 1.89027)
step: 816	0.6375	(0.203203, 1.89175)
step: 817	0.638281	(0.203701, 1.89322)
step: 818	0.639063	(0.2042, 1.8947)
step: 819	0.639844	(0.2047, 1.89618)
step: 820	0.640625	(0.2052, 1.89767)
step: 821	0.641406	(0.205701, 1.89915)
step: 822	0.642188	(0.206202, 1.90063)
step: 823	0.642969	(0.206704, 1.90212)
step: 824	0.64375	(0.207207, 1.90361)
step: 825	0.644531	(0.20771, 1.90509)
step: 826	0.645313	(0.208214, 1.90658)
step: 827	0.646094	(0.208719, 1.90807)
step: 828	0.646875	(0.209224, 1.90956)
step: 829	0.647656	(0.209729, 1.91106)
step: 830	0.648438	(0.210236, 1.91255)
step: 831	0.649219	(0.210742, 1.91404)
step: 832	0.65	(0.21125, 1.91554)
step: 833	0.650781	(0.211758, 1.91704)
step: 834	0.651563	(0.212267, 1.91854)
step: 835	0.652344	(0.212776, 1.92004)
step: 836	0.653125	(0.213286, 1.92154)
step: 837	0.653906	(0.213797, 1.92304)
step: 838	0.654688	(0.214308, 1.92454)
step: 839	0.655469	(0.21482, 1.92605)
step: 840	0.65625	(0.215332, 1.92755)
step: 841	0.657031	(0.215845, 1.92906)
step: 842	0.657813	(0.216359, 1.93056)
step: 843	0.658594	(0.216873, 1.93207)
step: 844	0.659375	(0.217388, 1.93358)
step: 845	0.660156	(0.217903, 1.93509)
step: 846	0.660938	(0.218419, 1.93661)
step: 847	0.661719	(0.218936, 1.93812)
step: 848	0.6625	(0.219453, 1.93964)
step: 849	0.663281	(0.219971, 1.94115)
step: 850	0.664063	(0.22049, 1.94267)
step: 851	0.664844	(0.221009, 1.94419)
step: 852	0.665625	(0.221528, 1.94571)
step: 853	0.666406	(0.222049, 1.94723)
step: 854	0.667188	(0.22257, 1.94875)
step: 855	0.667969	(0.223091, 1.95027)
step: 856	0.66875	(0.223613, 1.9518)
step: 857	0.669531	(0.224136, 1.95332)
step: 858	0.670313	(0.224659, 1.95485)
step: 859	0.671094	(0.225183, 1.95638)
step: 860	0.671875	(0.225708, 1.9579)
step: 861	0.672656	(0.226233, 1.95944)
step: 862	0.673438	(0.226759, 1.96097)
step: 863	0.674219	(0.227285, 1.9625)
step: 864	0.675	(0.227813, 1.96403)
step: 865	0.675781	(0.22834, 1.96557)
step: 866	0.676563	(0.228868, 1.9671)
step: 867	0.677344	(0.229397, 1.96864)
step: 868	0.678125	(0.229927, 1.97018)
step: 869	0.678906	(0.230457, 1.97172)
step: 870	0.679688	(0.230988, 1.97326)
step: 871	0.680469	(0.231519, 1.9748)
step: 872	0.68125	(0.232051, 1.97635)
step: 873	0.682031	(0.232583, 1.97789)
step: 874	0.682813	(0.233116, 1.97944)
step: 875	0.683594	(0.23365, 1.98098)
step: 876	0.684375	(0.234185, 1.98253)
step: 877	0.685156	(0.23472, 1.98408)
step: 878	0.685938	(0.235255, 1.98563)
step: 879	0.686719	(0.235791, 1.98718)
step: 880	0.6875	(0.236328, 1.98874)
step: 881	0.688281	(0.236866, 1.99029)
step: 882	0.689063	(0.237404, 1.99185)
step: 883	0.689844	(0.237942, 1.9934)
step: 884	0.690625	(0.238481, 1.99496)
step: 885	0.691406	(0.239021, 1.99652)
step: 886	0.692188	(0.239562, 1.99808)
step: 887	0.692969	(0.240103, 1.99964)
step: 888	0.69375	(0.240645, 2.00121)
step: 889	0.694531	(0.241187, 2.00277)
step: 890	0.695313	(0.24173, 2.00434)
step: 891	0.696094	(0.242273, 2.0059)
step: 892	0.696875	(0.242817, 2.00747)
step: 893	0.697656	(0.243362, 2.00904)
step: 894	0.698438	(0.243907, 2.01061)
step: 895	0.699219	(0.244453, 2.01218)
step: 896	0.7	(0.245, 2.01375)
step: 897	0.700781	(0.245547, 2.01533)
step: 898	0.701563	(0.246095, 2.0169)
step: 899	0.702344	(0.246643, 2.01848)
step: 900	0.703125	(0.247192, 2.02006)
step: 901	0.703906	(0.247742, 2.02163)
step: 902	0.704688	(0.248292, 2.02321)
step: 903	0.705469	(0.248843, 2.0248)
step: 904	0.70625	(0.249395, 2.02638)
step: 905	0.707031	(0.249947, 2.02796)
step: 906	0.707813	(0.250499, 2.02955)
step: 907	0.708594	(0.251053, 2.03113)
step: 908	0.709375	(0.251606, 2.03272)
step: 909	0.710156	(0.252161, 2.03431)
step: 910	0.710938	(0.252716, 2.0359)
step: 911	0.711719	(0.253272, 2.03749)
step: 912	0.7125	(0.253828, 2.03908)
step: 913	0.713281	(0.254385, 2.04068)
step: 914	0.714063	(0.254943, 2.04227)
step: 915	0.714844	(0.255501, 2.04387)
step: 916	0.715625	(0.25606, 2.04546)
step: 917	0.716406	(0.256619, 2.04706)
step: 918	0.717188	(0.257179, 2.04866)
step: 919	0.717969	(0.25774, 2.05026)
step: 920	0.71875	(0.258301, 2.05187)
step: 921	0.719531	(0.258863, 2.05347)
step: 922	0.720313	(0.259425, 2.05508)
step: 923	0.721094	(0.259988, 2.05668)
step: 924	0.721875	(0.260552, 2.05829)
step: 925	0.722656	(0.261116, 2.0599)
step: 926	0.723438	(0.261681, 2.06151)
step: 927	0.724219	(0.262246, 2.06312)
step: 928	0.725	(0.262813, 2.06473)
step: 929	0.725781	(0.263379, 2.06634)
step: 930	0.726563	(0.263947, 2.06796)
step: 931	0.727344	(0.264514, 2.06958)
step: 932	0.728125	(0.265083, 2.07119)
step: 933	0.728906	(0.265652, 2.07281)
step: 934	0.729688	(0.266222, 2.07443)
step: 935	0.730469	(0.266792, 2.07605)
step: 936	0.73125	(0.267363, 2.07768)
step: 937	0.732031	(0.267935, 2.0793)
step: 938	0.732813	(0.268507, 2.08092)
step: 939	0.733594	(0.26908, 2.08255)
step: 940	0.734375	(0.269653, 2.08418)
step: 941	0.735156	(0.270227, 2.08581)
step: 942	0.735938	(0.270802, 2.08744)
step: 943	0.736719	(0.271377, 2.08907)
step: 944	0.7375	(0.271953, 2.0907)
step: 945	0.738281	(0.27253, 2.09234)
step: 946	0.739063	(0.273107, 2.09397)
step: 947	0.739844	(0.273684, 2.09561)
step: 948	0.740625	(0.274263, 2.09725)
step: 949	0.741406	(0.274842, 2.09888)
step: 950	0.742188	(0.275421, 2.10053)
step: 951	0.742969	(0.276001, 2.10217)
step: 952	0.74375	(0.276582, 2.10381)
step: 953	0.744531	(0.277163, 2.10545)
step: 954	0.745313	(0.277745, 2.1071)
step: 955	0.746094	(0.278328, 2.10875)
step: 956	0.746875	(0.278911, 2.11039)
step: 957	0.747656	(0.279495, 2.11204)
step: 958	0.748438	(0.280079, 2.11369)
step: 959	0.749219	(0.280664, 2.11535)
step: 960	0.75	(0.28125, 2.117)
step: 961	0.750781	(0.281836, 2.11865)
step: 962	0.751563	(0.282423, 2.12031)
step: 963	0.752344	(0.283011, 2.12197)
step: 964	0.753125	(0.283599, 2.12363)
step: 965	0.753906	(0.284187, 2.12529)
step: 966	0.754688	(0.284777, 2.12695)
step: 967	0.755469	(0.285367, 2.12861)
step: 968	0.75625	(0.285957, 2.13027)
step: 969	0.757031	(0.286548, 2.13194)
step: 970	0.757813	(0.28714, 2.1336)
step: 971	0.758594	(0.287732, 2.13527)
step: 972	0.759375	(0.288325, 2.13694)
step: 973	0.760156	(0.288919, 2.13861)
step: 974	0.760938	(0.289513, 2.14028)
step: 975	0.761719	(0.290108, 2.14195)
step: 976	0.7625	(0.290703, 2.14363)
step: 977	0.763281	(0.291299, 2.1453)
step: 978	0.764063	(0.291896, 2.14698)
step: 979	0.764844	(0.292493, 2.14866)
step: 980	0.765625	(0.293091, 2.15034)
step: 981	0.766406	(0.293689, 2.15202)
step: 982	0.767188	(0.294288, 2.1537)
step: 983	0.767969	(0.294888, 2.15538)
step: 984	0.76875	(0.295488, 2.15707)
step: 985	0.769531	(0.296089, 2.15875)
step: 986	0.770313	(0.296691, 2.16044)
step: 987	0.771094	(0.297293, 2.16213)
step: 988	0.771875	(0.297896, 2.16382)
step: 989	0.772656	(0.298499, 2.16551)
step: 990	0.773438	(0.299103, 2.1672)
step: 991	0.774219	(0.299707, 2.1689)
step: 992	0.775	(0.300313, 2.17059)
step: 993	0.775781	(0.300918, 2.17229)
step: 994	0.776563	(0.301525, 2.17399)
step: 995	0.777344	(0.302132, 2.17569)
step: 996	0.778125	(0.302739, 2.17739)
step: 997	0.778906	(0.303347, 2.17909)
step: 998	0.779688	(0.303956, 2.18079)
step: 999	0.780469	(0.304566, 2.1825)
step: 1000	0.78125	(0.305176, 2.1842)
step: 1001	0.782031	(0.305786, 2.18591)
step: 1002	0.782813	(0.306398, 2.18762)
step: 1003	0.783594	(0.30701, 2.18933)
step: 1004	0.784375	(0.307622, 2.19104)
step: 1005	0.785156	(0.308235, 2.19275)
step: 1006	0.785938	(0.308849, 2.19446)
step: 1007	0.786719	(0.309463, 2.19618)
step: 1008	0.7875	(0.310078, 2.19789)
step: 1009	0.788281	(0.310694, 2.19961)
step: 1010	0.789063	(0.31131, 2.20133)
step: 1011	0.789844	(0.311927, 2.20305)
step: 1012	0.790625	(0.312544, 2.20477)
step: 1013	0.791406	(0.313162, 2.2065)
step: 1014	0.792188	(0.313781, 2.20822)
step: 1015	0.792969	(0.3144, 2.20995)
step: 1016	0.79375	(0.31502, 2.21167)
step: 1017	0.794531	(0.31564, 2.2134)
step: 1018	0.795313	(0.316261, 2.21513)
step: 1019	0.796094	(0.316883, 2.21686)
step: 1020	0.796875	(0.317505, 2.2186)
step: 1021	0.797656	(0.318128, 2.22033)
step: 1022	0.798438	(0.318751, 2.22207)
step: 1023	0.799219	(0.319375, 2.2238)
step: 1024	0.8	(0.32, 2.22554)
step: 1025	0.800781	(0.320625, 2.22728)
step: 1026	0.801563	(0.321251, 2.22902)
step: 1027	0.802344	(0.321878, 2.23076)
step: 1028	0.803125	(0.322505, 2.23251)
step: 1029	0.803906	(0.323133, 2.23425)
step: 1030	0.804688	(0.323761, 2.236)
step: 1031	0.805469	(0.32439, 2.23775)
step: 1032	0.80625	(0.32502, 2.23949)
step: 1033	0.807031	(0.32565, 2.24124)
step: 1034	0.807813	(0.326281, 2.243)
step: 1035	0.808594	(0.326912, 2.24475)
step: 1036	0.809375	(0.327544, 2.2465)
step: 1037	0.810156	(0.328177, 2.24826)
step: 1038	0.810938	(0.32881, 2.25002)
step: 1039	0.811719	(0.329444, 2.25177)
step: 1040	0.8125	(0.330078, 2.25353)
step: 1041	0.813281	(0.330713, 2.2553)
step: 1042	0.814063	(0.331349, 2.25706)
step: 1043	0.814844	(0.331985, 2.25882)
step: 1044	0.815625	(0.332622, 2.26059)
step: 1045	0.816406	(0.33326, 2.26235)
step: 1046	0.817188	(0.333898, 2.26412)
step: 1047	0.817969	(0.334536, 2.26589)
step: 1048	0.81875	(0.335176, 2.26766)
step: 1049	0.819531	(0.335816, 2.26944)
step: 1050	0.820313	(0.336456, 2.27121)
step: 1051	0.821094	(0.337097, 2.27298)
step: 1052	0.821875	(0.337739, 2.27476)
step: 1053	0.822656	(0.338382, 2.27654)
step: 1054	0.823438	(0.339025, 2.27832)
step: 1055	0.824219	(0.339668, 2.2801)
step: 1056	0.825	(0.340313, 2.28188)
step: 1057	0.825781	(0.340957, 2.28366)
step: 1058	0.826563	(0.341603, 2.28545)
step: 1059	0.827344	(0.342249, 2.28724)
step: 1060	0.828125	(0.342896, 2.28902)
step: 1061	0.828906	(0.343543, 2.29081)
step: 1062	0.829688	(0.344191, 2.2926)
step: 1063	0.830469	(0.344839, 2.29439)
step: 1064	0.83125	(0.345488, 2.29619)
step: 1065	0.832031	(0.346138, 2.29798)
step: 1066	0.832813	(0.346788, 2.29978)
step: 1067	0.833594	(0.347439, 2.30158)
step: 1068	0.834375	(0.348091, 2.30337)
step: 1069	0.835156	(0.348743, 2.30517)
step: 1070	0.835938	(0.349396, 2.30698)
step: 1071	0.836719	(0.350049, 2.30878)
step: 1072	0.8375	(0.350703, 2.31058)
step: 1073	0.838281	(0.351358, 2.31239)
step: 1074	0.839063	(0.352013, 2.3142)
step: 1075	0.839844	(0.352669, 2.31601)
step: 1076	0.840625	(0.353325, 2.31782)
step: 1077	0.841406	(0.353982, 2.31963)
step: 1078	0.842188	(0.35464, 2.32144)
step: 1079	0.842969	(0.355298, 2.32325)
step: 1080	0.84375	(0.355957, 2.32507)
step: 1081	0.844531	(0.356617, 2.32689)
step: 1082	0.845313	(0.357277, 2.32871)
step: 1083	0.846094	(0.357937, 2.33053)
step: 1084	0.846875	(0.358599, 2.33235)
step: 1085	0.847656	(0.359261, 2.33417)
step: 1086	0.848438	(0.359923, 2.33599)
step: 1087	0.849219	(0.360586, 2.33782)
step: 1088	0.85	(0.36125, 2.33965)
step: 1089	0.850781	(0.361914, 2.34148)
step: 1090	0.851563	(0.362579, 2.34331)
step: 1091	0.852344	(0.363245, 2.34514)
step: 1092	0.853125	(0.363911, 2.34697)
step: 1093	0.853906	(0.364578, 2.3488)
step: 1094	0.854688	(0.365245, 2.35064)
step: 1095	0.855469	(0.365913, 2.35248)
step: 1096	0.85625	(0.366582, 2.35432)
step: 1097	0.857031	(0.367251, 2.35616)
step: 1098	0.857813	(0.367921, 2.358)
step: 1099	0.858594	(0.368592, 2.35984)
step: 1100	0.859375	(0.369263, 2.36168)
step: 1101	0.860156	(0.369934, 2.36353)
step: 1102	0.860938	(0.370607, 2.36538)
step: 1103	0.861719	(0.37128, 2.36723)
step: 1104	0.8625	(0.371953, 2.36908)
step: 1105	0.863281	(0.372627, 2.37093)
step: 1106	0.864063	(0.373302, 2.37278)
step: 1107	0.864844	(0.373977, 2.37464)
step: 1108	0.865625	(0.374653, 2.37649)
step: 1109	0.866406	(0.37533, 2.37835)
step: 1110	0.867188	(0.376007, 2.38021)
step: 1111	0.867969	(0.376685, 2.38207)
step: 1112	0.86875	(0.377363, 2.38393)
step: 1113	0.869531	(0.378042, 2.38579)
step: 1114	0.870313	(0.378722, 2.38766)
step: 1115	0.871094	(0.379402, 2.38952)
step: 1116	0.871875	(0.380083, 2.39139)
step: 1117	0.872656	(0.380764, 2.39326)
step: 1118	0.873438	(0.381447, 2.39513)
step: 1119	0.874219	(0.382129, 2.397)
step: 1120	0.875	(0.382813, 2.39888)
step: 1121	0.875781	(0.383496, 2.40075)
step: 1122	0.876563	(0.384181, 2.40263)
step: 1123	0.877344	(0.384866, 2.4045)
step: 1124	0.878125	(0.385552, 2.40638)
step: 1125	0.878906	(0.386238, 2.40826)
step: 1126	0.879688	(0.386925, 2.41015)
step: 1127	0.880469	(0.387613, 2.41203)
step: 1128	0.88125	(0.388301, 2.41392)
step: 1129	0.882031	(0.38899, 2.4158)
step: 1130	0.882813	(0.389679, 2.41769)
step: 1131	0.883594	(0.390369, 2.41958)
step: 1132	0.884375	(0.39106, 2.42147)
step: 1133	0.885156	(0.391751, 2.42336)
step: 1134	0.885938	(0.392443, 2.42526)
step: 1135	0.886719	(0.393135, 2.42715)
step: 1136	0.8875	(0.393828, 2.42905)
step: 1137	0.888281	(0.394522, 2.43095)
step: 1138	0.889063	(0.395216, 2.43285)
step: 1139	0.889844	(0.395911, 2.43475)
step: 1140	0.890625	(0.396606, 2.43665)
step: 1141	0.891406	(0.397303, 2.43856)
step: 1142	0.892188	(0.397999, 2.44046)
step: 1143	0.892969	(0.398697, 2.44237)
step: 1144	0.89375	(0.399395, 2.44428)
step: 1145	0.894531	(0.400093, 2.44619)
step: 1146	0.895313	(0.400792, 2.4481)
step: 1147	0.896094	(0.401492, 2.45001)
step: 1148	0.896875	(0.402192, 2.45193)
step: 1149	0.897656	(0.402893, 2.45385)
step: 1150	0.898438	(0.403595, 2.45576)
step: 1151	0.899219	(0.404297, 2.45768)
step: 1152	0.9	(0.405, 2.4596)
step: 1153	0.900781	(0.405703, 2.46153)
step: 1154	0.901563	(0.406407, 2.46345)
step: 1155	0.902344	(0.407112, 2.46537)
step: 1156	0.903125	(0.407817, 2.4673)
step: 1157	0.903906	(0.408523, 2.46923)
step: 1158	0.904688	(0.40923, 2.47116)
step: 1159	0.905469	(0.409937, 2.47309)
step: 1160	0.90625	(0.410645, 2.47502)
step: 1161	0.907031	(0.411353, 2.47696)
step: 1162	0.907813	(0.412062, 2.47889)
step: 1163	0.908594	(0.412771, 2.48083)
step: 1164	0.909375	(0.413481, 2.48277)
step: 1165	0.910156	(0.414192, 2.48471)
step: 1166	0.910938	(0.414904, 2.48665)
step: 1167	0.911719	(0.415616, 2.4886)
step: 1168	0.9125	(0.416328, 2.49054)
step: 1169	0.913281	(0.417041, 2.49249)
step: 1170	0.914063	(0.417755, 2.49444)
step: 1171	0.914844	(0.41847, 2.49639)
step: 1172	0.915625	(0.419185, 2.49834)
step: 1173	0.916406	(0.4199, 2.50029)
step: 1174	0.917188	(0.420616, 2.50224)
step: 1175	0.917969	(0.421333, 2.5042)
step: 1176	0.91875	(0.422051, 2.50616)
step: 1177	0.919531	(0.422769, 2.50811)
step: 1178	0.920313	(0.423488, 2.51007)
step: 1179	0.921094	(0.424207, 2.51204)
step: 1180	0.921875	(0.424927, 2.514)
step: 1181	0.922656	(0.425647, 2.51596)
step: 1182	0.923438	(0.426368, 2.51793)
step: 1183	0.924219	(0.42709, 2.5199)
step: 1184	0.925	(0.427813, 2.52187)
step: 1185	0.925781	(0.428535, 2.52384)
step: 1186	0.926563	(0.429259, 2.52581)
step: 1187	0.927344	(0.429983, 2.52779)
step: 1188	0.928125	(0.430708, 2.52976)
step: 1189	0.928906	(0.431433, 2.53174)
step: 1190	0.929688	(0.432159, 2.53372)
step: 1191	0.930469	(0.432886, 2.5357)
step: 1192	0.93125	(0.433613, 2.53768)
step: 1193	0.932031	(0.434341, 2.53966)
step: 1194	0.932813	(0.43507, 2.54165)
step: 1195	0.933594	(0.435799, 2.54363)
step: 1196	0.934375	(0.436528, 2.54562)
step: 1197	0.935156	(0.437259, 2.54761)
step: 1198	0.935938	(0.43799, 2.5496)
step: 1199	0.936719	(0.438721, 2.5516)
step: 1200	0.9375	(0.439453, 2.55359)
step: 1201	0.938281	(0.440186, 2.55559)
step: 1202	0.939063	(0.440919, 2.55758)
step: 1203	0.939844	(0.441653, 2.55958)
step: 1204	0.940625	(0.442388, 2.56158)
step: 1205	0.941406	(0.443123, 2.56358)
step: 1206	0.942188	(0.443859, 2.56559)
step: 1207	0.942969	(0.444595, 2.56759)
step: 1208	0.94375	(0.445332, 2.5696)
step: 1209	0.944531	(0.44607, 2.57161)
step: 1210	0.945313	(0.446808, 2.57362)
step: 1211	0.946094	(0.447547, 2.57563)
step: 1212	0.946875	(0.448286, 2.57764)
step: 1213	0.947656	(0.449026, 2.57966)
step: 1214	0.948438	(0.449767, 2.58167)
step: 1215	0.949219	(0.450508, 2.58369)
step: 1216	0.95	(0.45125, 2.58571)
step: 1217	0.950781	(0.451992, 2.58773)
step: 1218	0.951563	(0.452736, 2.58975)
step: 1219	0.952344	(0.453479, 2.59178)
step: 1220	0.953125	(0.454224, 2.5938)
step: 1221	0.953906	(0.454969, 2.59583)
step: 1222	0.954688	(0.455714, 2.59786)
step: 1223	0.955469	(0.45646, 2.59989)
step: 1224	0.95625	(0.457207, 2.60192)
step: 1225	0.957031	(0.457954, 2.60395)
step: 1226	0.957813	(0.458702, 2.60599)
step: 1227	0.958594	(0.459451, 2.60803)
step: 1228	0.959375	(0.4602, 2.61006)
step: 1229	0.960156	(0.46095, 2.6121)
step: 1230	0.960938	(0.4617, 2.61415)
step: 1231	0.961719	(0.462451, 2.61619)
step: 1232	0.9625	(0.463203, 2.61823)
step: 1233	0.963281	(0.463955, 2.62028)
step: 1234	0.964063	(0.464708, 2.62233)
step: 1235	0.964844	(0.465462, 2.62438)
step: 1236	0.965625	(0.466216, 2.62643)
step: 1237	0.966406	(0.466971, 2.62848)
step: 1238	0.967188	(0.467726, 2.63054)
step: 1239	0.967969	(0.468482, 2.63259)
step: 1240	0.96875	(0.469238, 2.63465)
step: 1241	0.969531	(0.469995, 2.63671)
step: 1242	0.970313	(0.470753, 2.63877)
step: 1243	0.971094	(0.471512, 2.64083)
step: 1244	0.971875	(0.472271, 2.6429)
step: 1245	0.972656	(0.47303, 2.64496)
step: 1246	0.973438	(0.47379, 2.64703)
step: 1247	0.974219	(0.474551, 2.6491)
step: 1248	0.975	(0.475313, 2.65117)
step: 1249	0.975781	(0.476075, 2.65324)
step: 1250	0.976563	(0.476837, 2.65531)
step: 1251	0.977344	(0.4776, 2.65739)
step: 1252	0.978125	(0.478364, 2.65947)
step: 1253	0.978906	(0.479129, 2.66154)
step: 1254	0.979688	(0.479894, 2.66362)
step: 1255	0.980469	(0.480659, 2.66571)
step: 1256	0.98125	(0.481426, 2.66779)
step: 1257	0.982031	(0.482193, 2.66987)
step: 1258	0.982813	(0.48296, 2.67196)
step: 1259	0.983594	(0.483728, 2.67405)
step: 1260	0.984375	(0.484497, 2.67614)
step: 1261	0.985156	(0.485266, 2.67823)
step: 1262	0.985938	(0.486036, 2.68032)
step: 1263	0.986719	(0.486807, 2.68242)
step: 1264	0.9875	(0.487578, 2.68451)
step: 1265	0.988281	(0.48835, 2.68661)
step: 1266	0.989063	(0.489122, 2.68871)
step: 1267	0.989844	(0.489895, 2.69081)
step: 1268	0.990625	(0.490669, 2.69292)
step: 1269	0.991406	(0.491443, 2.69502)
step: 1270	0.992188	(0.492218, 2.69713)
step: 1271	0.992969	(0.492993, 2.69924)
step: 1272	0.99375	(0.49377, 2.70135)
step: 1273	0.994531	(0.494546, 2.70346)
step: 1274	0.995313	(0.495323, 2.70557)
step: 1275	0.996094	(0.496101, 2.70768)
step: 1276	0.996875	(0.49688, 2.7098)
step: 1277	0.997656	(0.497659, 2.71192)
step: 1278	0.998438	(0.498439, 2.71404)
step: 1279	0.999219	(0.499219, 2.71616)
step: 1280	1	(0.5, 2.71828)
