step: 0	0	(0, 1)
step: 1	0.000488281	(1.19209e-07, 1.00049)
step: 2	0.000976563	(4.76837e-07, 1.00098)
step: 3	0.00146484	(1.07288e-06, 1.00147)
step: 4	0.00195313	(1.90735e-06, 1.00196)
step: 5	0.00244141	(2.98023e-06, 1.00244)
step: 6	0.00292969	(4.29153e-06, 1.00293)
step: 7	0.00341797	(5.84126e-06, 1.00342)
step: 8	0.00390625	(7.62939e-06, 1.00391)
step: 9	0.00439453	(9.65595e-06, 1.0044)
step: 10	0.00488281	(1.19209e-05, 1.00489)
step: 11	0.00537109	(1.44243e-05, 1.00539)
step: 12	0.00585938	(1.71661e-05, 1.00588)
step: 13	0.00634766	(2.01464e-05, 1.00637)
step: 14	0.00683594	(2.3365e-05, 1.00686)
step: 15	0.00732422	(2.68221e-05, 1.00735)
step: 16	0.0078125	(3.05176e-05, 1.00784)
step: 17	0.00830078	(3.44515e-05, 1.00834)
step: 18	0.00878906	(3.86238e-05, 1.00883)
step: 19	0.00927734	(4.30346e-05, 1.00932)
step: 20	0.00976563	(4.76837e-05, 1.00981)
step: 21	0.0102539	(5.25713e-05, 1.01031)
step: 22	0.0107422	(5.76973e-05, 1.0108)
step: 23	0.0112305	(6.30617e-05, 1.01129)
step: 24	0.0117188	(6.86646e-05, 1.01179)
step: 25	0.012207	(7.45058e-05, 1.01228)
step: 26	0.0126953	(8.05855e-05, 1.01278)
step: 27	0.0131836	(8.69036e-05, 1.01327)
step: 28	0.0136719	(9.34601e-05, 1.01377)
step: 29	0.0141602	(0.000100255, 1.01426)
step: 30	0.0146484	(0.000107288, 1.01476)
step: 31	0.0151367	(0.00011456, 1.01525)
step: 32	0.015625	(0.00012207, 1.01575)
step: 33	0.0161133	(0.000129819, 1.01624)
step: 34	0.0166016	(0.000137806, 1.01674)
step: 35	0.0170898	(0.000146031, 1.01724)
step: 36	0.0175781	(0.000154495, 1.01773)
step: 37	0.0180664	(0.000163198, 1.01823)
step: 38	0.0185547	(0.000172138, 1.01873)
step: 39	0.019043	(0.000181317, 1.01923)
step: 40	0.0195313	(0.000190735, 1.01972)
step: 41	0.0200195	(0.000200391, 1.02022)
step: 42	0.0205078	(0.000210285, 1.02072)
step: 43	0.0209961	(0.000220418, 1.02122)
step: 44	0.0214844	(0.000230789, 1.02172)
step: 45	0.0219727	(0.000241399, 1.02222)
step: 46	0.0224609	(0.000252247, 1.02272)
step: 47	0.0229492	(0.000263333, 1.02321)
step: 48	0.0234375	(0.000274658, 1.02371)
step: 49	0.0239258	(0.000286222, 1.02421)
step: 50	0.0244141	(0.000298023, 1.02471)
step: 51	0.0249023	(0.000310063, 1.02521)
step: 52	0.0253906	(0.000322342, 1.02572)
step: 53	0.0258789	(0.000334859, 1.02622)
step: 54	0.0263672	(0.000347614, 1.02672)
step: 55	0.0268555	(0.000360608, 1.02722)
step: 56	0.0273438	(0.00037384, 1.02772)
step: 57	0.027832	(0.000387311, 1.02822)
step: 58	0.0283203	(0.00040102, 1.02873)
step: 59	0.0288086	(0.000414968, 1.02923)
step: 60	0.0292969	(0.000429153, 1.02973)
step: 61	0.0297852	(0.000443578, 1.03023)
step: 62	0.0302734	(0.000458241, 1.03074)
step: 63	0.0307617	(0.000473142, 1.03124)
step: 64	0.03125	(0.000488281, 1.03174)
step: 65	0.0317383	(0.000503659, 1.03225)
step: 66	0.0322266	(0.000519276, 1.03275)
step: 67	0.0327148	(0.000535131, 1.03326)
step: 68	0.0332031	(0.000551224, 1.03376)
step: 69	0.0336914	(0.000567555, 1.03427)
step: 70	0.0341797	(0.000584126, 1.03477)
step: 71	0.034668	(0.000600934, 1.03528)
step: 72	0.0351563	(0.000617981, 1.03578)
step: 73	0.0356445	(0.000635266, 1.03629)
step: 74	0.0361328	(0.00065279, 1.03679)
step: 75	0.0366211	(0.000670552, 1.0373)
step: 76	0.0371094	(0.000688553, 1.03781)
step: 77	0.0375977	(0.000706792, 1.03831)
step: 78	0.0380859	(0.000725269, 1.03882)
step: 79	0.0385742	(0.000743985, 1.03933)
step: 80	0.0390625	(0.000762939, 1.03984)
step: 81	0.0395508	(0.000782132, 1.04034)
step: 82	0.0400391	(0.000801563, 1.04085)
step: 83	0.0405273	(0.000821233, 1.04136)
step: 84	0.0410156	(0.000841141, 1.04187)
step: 85	0.0415039	(0.000861287, 1.04238)
step: 86	0.0419922	(0.000881672, 1.04289)
step: 87	0.0424805	(0.000902295, 1.0434)
step: 88	0.0429688	(0.000923157, 1.04391)
step: 89	0.043457	(0.000944257, 1.04442)
step: 90	0.0439453	(0.000965595, 1.04493)
step: 91	0.0444336	(0.000987172, 1.04544)
step: 92	0.0449219	(0.00100899, 1.04595)
step: 93	0.0454102	(0.00103104, 1.04646)
step: 94	0.0458984	(0.00105333, 1.04697)
step: 95	0.0463867	(0.00107586, 1.04748)
step: 96	0.046875	(0.00109863, 1.04799)
step: 97	0.0473633	(0.00112164, 1.0485)
step: 98	0.0478516	(0.00114489, 1.04901)
step: 99	0.0483398	(0.00116837, 1.04953)
step: 100	0.0488281	(0.00119209, 1.05004)
step: 101	0.0493164	(0.00121605, 1.05055)
step: 102	0.0498047	(0.00124025, 1.05107)
step: 103	0.050293	(0.00126469, 1.05158)
step: 104	0.0507813	(0.00128937, 1.05209)
step: 105	0.0512695	(0.00131428, 1.05261)
step: 106	0.0517578	(0.00133944, 1.05312)
step: 107	0.0522461	(0.00136483, 1.05364)
step: 108	0.0527344	(0.00139046, 1.05415)
step: 109	0.0532227	(0.00141633, 1.05466)
step: 110	0.0537109	(0.00144243, 1.05518)
step: 111	0.0541992	(0.00146878, 1.05569)
step: 112	0.0546875	(0.00149536, 1.05621)
step: 113	0.0551758	(0.00152218, 1.05673)
step: 114	0.0556641	(0.00154924, 1.05724)
step: 115	0.0561523	(0.00157654, 1.05776)
step: 116	0.0566406	(0.00160408, 1.05828)
step: 117	0.0571289	(0.00163186, 1.05879)
step: 118	0.0576172	(0.00165987, 1.05931)
step: 119	0.0581055	(0.00168812, 1.05983)
step: 120	0.0585938	(0.00171661, 1.06034)
step: 121	0.059082	(0.00174534, 1.06086)
step: 122	0.0595703	(0.00177431, 1.06138)
step: 123	0.0600586	(0.00180352, 1.0619)
step: 124	0.0605469	(0.00183296, 1.06242)
step: 125	0.0610352	(0.00186265, 1.06294)
step: 126	0.0615234	(0.00189257, 1.06346)
step: 127	0.0620117	(0.00192273, 1.06397)
step: 128	0.0625	(0.00195313, 1.06449)
step: 129	0.0629883	(0.00198376, 1.06501)
step: 130	0.0634766	(0.00201464, 1.06553)
step: 131	0.0639648	(0.00204575, 1.06605)
step: 132	0.0644531	(0.0020771, 1.06658)
step: 133	0.0649414	(0.00210869, 1.0671)
step: 134	0.0654297	(0.00214052, 1.06762)
step: 135	0.065918	(0.00217259, 1.06814)
step: 136	0.0664063	(0.0022049, 1.06866)
step: 137	0.0668945	(0.00223744, 1.06918)
step: 138	0.0673828	(0.00227022, 1.0697)
step: 139	0.0678711	(0.00230324, 1.07023)
step: 140	0.0683594	(0.0023365, 1.07075)
step: 141	0.0688477	(0.00237, 1.07127)
step: 142	0.0693359	(0.00240374, 1.0718)
step: 143	0.0698242	(0.00243771, 1.07232)
step: 144	0.0703125	(0.00247192, 1.07284)
step: 145	0.0708008	(0.00250638, 1.07337)
step: 146	0.0712891	(0.00254107, 1.07389)
step: 147	0.0717773	(0.00257599, 1.07442)
step: 148	0.0722656	(0.00261116, 1.07494)
step: 149	0.0727539	(0.00264657, 1.07547)
step: 150	0.0732422	(0.00268221, 1.07599)
step: 151	0.0737305	(0.00271809, 1.07652)
step: 152	0.0742188	(0.00275421, 1.07704)
step: 153	0.074707	(0.00279057, 1.07757)
step: 154	0.0751953	(0.00282717, 1.07809)
step: 155	0.0756836	(0.002864, 1.07862)
step: 156	0.0761719	(0.00290108, 1.07915)
step: 157	0.0766602	(0.00293839, 1.07968)
step: 158	0.0771484	(0.00297594, 1.0802)
step: 159	0.0776367	(0.00301373, 1.08073)
step: 160	0.078125	(0.00305176, 1.08126)
step: 161	0.0786133	(0.00309002, 1.08179)
step: 162	0.0791016	(0.00312853, 1.08231)
step: 163	0.0795898	(0.00316727, 1.08284)
step: 164	0.0800781	(0.00320625, 1.08337)
step: 165	0.0805664	(0.00324547, 1.0839)
step: 166	0.0810547	(0.00328493, 1.08443)
step: 167	0.081543	(0.00332463, 1.08496)
step: 168	0.0820313	(0.00336456, 1.08549)
step: 169	0.0825195	(0.00340474, 1.08602)
step: 170	0.0830078	(0.00344515, 1.08655)
step: 171	0.0834961	(0.0034858, 1.08708)
step: 172	0.0839844	(0.00352669, 1.08761)
step: 173	0.0844727	(0.00356781, 1.08814)
step: 174	0.0849609	(0.00360918, 1.08867)
step: 175	0.0854492	(0.00365078, 1.08921)
step: 176	0.0859375	(0.00369263, 1.08974)
step: 177	0.0864258	(0.00373471, 1.09027)
step: 178	0.0869141	(0.00377703, 1.0908)
step: 179	0.0874023	(0.00381958, 1.09134)
step: 180	0.0878906	(0.00386238, 1.09187)
step: 181	0.0883789	(0.00390542, 1.0924)
step: 182	0.0888672	(0.00394869, 1.09294)
step: 183	0.0893555	(0.0039922, 1.09347)
step: 184	0.0898438	(0.00403595, 1.094)
step: 185	0.090332	(0.00407994, 1.09454)
step: 186	0.0908203	(0.00412416, 1.09507)
step: 187	0.0913086	(0.00416863, 1.09561)
step: 188	0.0917969	(0.00421333, 1.09614)
step: 189	0.0922852	(0.00425828, 1.09668)
step: 190	0.0927734	(0.00430346, 1.09721)
step: 191	0.0932617	(0.00434887, 1.09775)
step: 192	0.09375	(0.00439453, 1.09829)
step: 193	0.0942383	(0.00444043, 1.09882)
step: 194	0.0947266	(0.00448656, 1.09936)
step: 195	0.0952148	(0.00453293, 1.0999)
step: 196	0.0957031	(0.00457954, 1.10043)
step: 197	0.0961914	(0.00462639, 1.10097)
step: 198	0.0966797	(0.00467348, 1.10151)
step: 199	0.097168	(0.00472081, 1.10205)
step: 200	0.0976563	(0.00476837, 1.10258)
step: 201	0.0981445	(0.00481617, 1.10312)
step: 202	0.0986328	(0.00486422, 1.10366)
step: 203	0.0991211	(0.0049125, 1.1042)
step: 204	0.0996094	(0.00496101, 1.10474)
step: 205	0.100098	(0.00500977, 1.10528)
step: 206	0.100586	(0.00505877, 1.10582)
step: 207	0.101074	(0.005108, 1.10636)
step: 208	0.101563	(0.00515747, 1.1069)
step: 209	0.102051	(0.00520718, 1.10744)
step: 210	0.102539	(0.00525713, 1.10798)
step: 211	0.103027	(0.00530732, 1.10852)
step: 212	0.103516	(0.00535774, 1.10906)
step: 213	0.104004	(0.00540841, 1.1096)
step: 214	0.104492	(0.00545931, 1.11015)
step: 215	0.10498	(0.00551045, 1.11069)
step: 216	0.105469	(0.00556183, 1.11123)
step: 217	0.105957	(0.00561345, 1.11177)
step: 218	0.106445	(0.0056653, 1.11232)
step: 219	0.106934	(0.0057174, 1.11286)
step: 220	0.107422	(0.00576973, 1.1134)
step: 221	0.10791	(0.0058223, 1.11395)
step: 222	0.108398	(0.00587511, 1.11449)
step: 223	0.108887	(0.00592816, 1.11504)
step: 224	0.109375	(0.00598145, 1.11558)
step: 225	0.109863	(0.00603497, 1.11613)
step: 226	0.110352	(0.00608873, 1.11667)
step: 227	0.11084	(0.00614274, 1.11722)
step: 228	0.111328	(0.00619698, 1.11776)
step: 229	0.111816	(0.00625145, 1.11831)
step: 230	0.112305	(0.00630617, 1.11885)
step: 231	0.112793	(0.00636113, 1.1194)
step: 232	0.113281	(0.00641632, 1.11995)
step: 233	0.11377	(0.00647175, 1.12049)
step: 234	0.114258	(0.00652742, 1.12104)
step: 235	0.114746	(0.00658333, 1.12159)
step: 236	0.115234	(0.00663948, 1.12214)
step: 237	0.115723	(0.00669587, 1.12268)
step: 238	0.116211	(0.00675249, 1.12323)
step: 239	0.116699	(0.00680935, 1.12378)
step: 240	0.117188	(0.00686646, 1.12433)
step: 241	0.117676	(0.00692379, 1.12488)
step: 242	0.118164	(0.00698137, 1.12543)
step: 243	0.118652	(0.00703919, 1.12598)
step: 244	0.119141	(0.00709724, 1.12653)
step: 245	0.119629	(0.00715554, 1.12708)
step: 246	0.120117	(0.00721407, 1.12763)
step: 247	0.120605	(0.00727284, 1.12818)
step: 248	0.121094	(0.00733185, 1.12873)
step: 249	0.121582	(0.0073911, 1.12928)
step: 250	0.12207	(0.00745058, 1.12983)
step: 251	0.122559	(0.0075103, 1.13039)
step: 252	0.123047	(0.00757027, 1.13094)
step: 253	0.123535	(0.00763047, 1.13149)
step: 254	0.124023	(0.00769091, 1.13204)
step: 255	0.124512	(0.00775158, 1.1326)
step: 256	0.125	(0.0078125, 1.13315)
step: 257	0.125488	(0.00787365, 1.1337)
step: 258	0.125977	(0.00793505, 1.13426)
step: 259	0.126465	(0.00799668, 1.13481)
step: 260	0.126953	(0.00805855, 1.13536)
step: 261	0.127441	(0.00812066, 1.13592)
step: 262	0.12793	(0.008183, 1.13647)
step: 263	0.128418	(0.00824559, 1.13703)
step: 264	0.128906	(0.00830841, 1.13758)
step: 265	0.129395	(0.00837147, 1.13814)
step: 266	0.129883	(0.00843477, 1.13869)
step: 267	0.130371	(0.00849831, 1.13925)
step: 268	0.130859	(0.00856209, 1.13981)
step: 269	0.131348	(0.0086261, 1.14036)
step: 270	0.131836	(0.00869036, 1.14092)
step: 271	0.132324	(0.00875485, 1.14148)
step: 272	0.132813	(0.00881958, 1.14204)
step: 273	0.133301	(0.00888455, 1.14259)
step: 274	0.133789	(0.00894976, 1.14315)
step: 275	0.134277	(0.0090152, 1.14371)
step: 276	0.134766	(0.00908089, 1.14427)
step: 277	0.135254	(0.00914681, 1.14483)
step: 278	0.135742	(0.00921297, 1.14539)
step: 279	0.13623	(0.00927937, 1.14595)
step: 280	0.136719	(0.00934601, 1.14651)
step: 281	0.137207	(0.00941288, 1.14707)
step: 282	0.137695	(0.00948, 1.14763)
step: 283	0.138184	(0.00954735, 1.14819)
step: 284	0.138672	(0.00961494, 1.14875)
step: 285	0.13916	(0.00968277, 1.14931)
step: 286	0.139648	(0.00975084, 1.14987)
step: 287	0.140137	(0.00981915, 1.15043)
step: 288	0.140625	(0.0098877, 1.15099)
step: 289	0.141113	(0.00995648, 1.15156)
step: 290	0.141602	(0.0100255, 1.15212)
step: 291	0.14209	(0.0100948, 1.15268)
step: 292	0.142578	(0.0101643, 1.15324)
step: 293	0.143066	(0.010234, 1.15381)
step: 294	0.143555	(0.010304, 1.15437)
step: 295	0.144043	(0.0103742, 1.15493)
step: 296	0.144531	(0.0104446, 1.1555)
step: 297	0.14502	(0.0105153, 1.15606)
step: 298	0.145508	(0.0105863, 1.15663)
step: 299	0.145996	(0.0106574, 1.15719)
step: 300	0.146484	(0.0107288, 1.15776)
step: 301	0.146973	(0.0108005, 1.15832)
step: 302	0.147461	(0.0108724, 1.15889)
step: 303	0.147949	(0.0109445, 1.15945)
step: 304	0.148438	(0.0110168, 1.16002)
step: 305	0.148926	(0.0110894, 1.16059)
step: 306	0.149414	(0.0111623, 1.16115)
step: 307	0.149902	(0.0112354, 1.16172)
step: 308	0.150391	(0.0113087, 1.16229)
step: 309	0.150879	(0.0113822, 1.16286)
step: 310	0.151367	(0.011456, 1.16342)
step: 311	0.151855	(0.01153, 1.16399)
step: 312	0.152344	(0.0116043, 1.16456)
step: 313	0.152832	(0.0116788, 1.16513)
step: 314	0.15332	(0.0117536, 1.1657)
step: 315	0.153809	(0.0118285, 1.16627)
step: 316	0.154297	(0.0119038, 1.16684)
step: 317	0.154785	(0.0119792, 1.16741)
step: 318	0.155273	(0.0120549, 1.16798)
step: 319	0.155762	(0.0121309, 1.16855)
step: 320	0.15625	(0.012207, 1.16912)
step: 321	0.156738	(0.0122834, 1.16969)
step: 322	0.157227	(0.0123601, 1.17026)
step: 323	0.157715	(0.012437, 1.17083)
step: 324	0.158203	(0.0125141, 1.1714)
step: 325	0.158691	(0.0125915, 1.17198)
step: 326	0.15918	(0.0126691, 1.17255)
step: 327	0.159668	(0.0127469, 1.17312)
step: 328	0.160156	(0.012825, 1.17369)
step: 329	0.160645	(0.0129033, 1.17427)
step: 330	0.161133	(0.0129819, 1.17484)
step: 331	0.161621	(0.0130607, 1.17541)
step: 332	0.162109	(0.0131397, 1.17599)
step: 333	0.162598	(0.013219, 1.17656)
step: 334	0.163086	(0.0132985, 1.17714)
step: 335	0.163574	(0.0133783, 1.17771)
step: 336	0.164063	(0.0134583, 1.17829)
step: 337	0.164551	(0.0135385, 1.17886)
step: 338	0.165039	(0.0136189, 1.17944)
step: 339	0.165527	(0.0136997, 1.18002)
step: 340	0.166016	(0.0137806, 1.18059)
step: 341	0.166504	(0.0138618, 1.18117)
step: 342	0.166992	(0.0139432, 1.18175)
step: 343	0.16748	(0.0140249, 1.18232)
step: 344	0.167969	(0.0141068, 1.1829)
step: 345	0.168457	(0.0141889, 1.18348)
step: 346	0.168945	(0.0142713, 1.18406)
step: 347	0.169434	(0.0143539, 1.18463)
step: 348	0.169922	(0.0144367, 1.18521)
step: 349	0.17041	(0.0145198, 1.18579)
step: 350	0.170898	(0.0146031, 1.18637)
step: 351	0.171387	(0.0146867, 1.18695)
step: 352	0.171875	(0.0147705, 1.18753)
step: 353	0.172363	(0.0148546, 1.18811)
step: 354	0.172852	(0.0149388, 1.18869)
step: 355	0.17334	(0.0150234, 1.18927)
step: 356	0.173828	(0.0151081, 1.18985)
step: 357	0.174316	(0.0151931, 1.19043)
step: 358	0.174805	(0.0152783, 1.19101)
step: 359	0.175293	(0.0153638, 1.1916)
step: 360	0.175781	(0.0154495, 1.19218)
step: 361	0.17627	(0.0155355, 1.19276)
step: 362	0.176758	(0.0156217, 1.19334)
step: 363	0.177246	(0.0157081, 1.19392)
step: 364	0.177734	(0.0157948, 1.19451)
step: 365	0.178223	(0.0158817, 1.19509)
step: 366	0.178711	(0.0159688, 1.19568)
step: 367	0.179199	(0.0160562, 1.19626)
step: 368	0.179688	(0.0161438, 1.19684)
step: 369	0.180176	(0.0162317, 1.19743)
step: 370	0.180664	(0.0163198, 1.19801)
step: 371	0.181152	(0.0164081, 1.1986)
step: 372	0.181641	(0.0164967, 1.19918)
step: 373	0.182129	(0.0165855, 1.19977)
step: 374	0.182617	(0.0166745, 1.20035)
step: 375	0.183105	(0.0167638, 1.20094)
step: 376	0.183594	(0.0168533, 1.20153)
step: 377	0.184082	(0.0169431, 1.20211)
step: 378	0.18457	(0.0170331, 1.2027)
step: 379	0.185059	(0.0171233, 1.20329)
step: 380	0.185547	(0.0172138, 1.20388)
step: 381	0.186035	(0.0173045, 1.20446)
step: 382	0.186523	(0.0173955, 1.20505)
step: 383	0.187012	(0.0174867, 1.20564)
step: 384	0.1875	(0.0175781, 1.20623)
step: 385	0.187988	(0.0176698, 1.20682)
step: 386	0.188477	(0.0177617, 1.20741)
step: 387	0.188965	(0.0178539, 1.208)
step: 388	0.189453	(0.0179462, 1.20859)
step: 389	0.189941	(0.0180389, 1.20918)
step: 390	0.19043	(0.0181317, 1.20977)
step: 391	0.190918	(0.0182248, 1.21036)
step: 392	0.191406	(0.0183182, 1.21095)
step: 393	0.191895	(0.0184118, 1.21154)
step: 394	0.192383	(0.0185056, 1.21213)
step: 395	0.192871	(0.0185996, 1.21273)
step: 396	0.193359	(0.0186939, 1.21332)
step: 397	0.193848	(0.0187885, 1.21391)
step: 398	0.194336	(0.0188832, 1.2145)
step: 399	0.194824	(0.0189782, 1.2151)
step: 400	0.195313	(0.0190735, 1.21569)
step: 401	0.195801	(0.019169, 1.21628)
step: 402	0.196289	(0.0192647, 1.21688)
step: 403	0.196777	(0.0193607, 1.21747)
step: 404	0.197266	(0.0194569, 1.21807)
step: 405	0.197754	(0.0195533, 1.21866)
step: 406	0.198242	(0.01965, 1.21926)
step: 407	0.19873	(0.0197469, 1.21985)
step: 408	0.199219	(0.0198441, 1.22045)
step: 409	0.199707	(0.0199414, 1.22104)
step: 410	0.200195	(0.0200391, 1.22164)
step: 411	0.200684	(0.020137, 1.22224)
step: 412	0.201172	(0.0202351, 1.22283)
step: 413	0.20166	(0.0203334, 1.22343)
step: 414	0.202148	(0.020432, 1.22403)
step: 415	0.202637	(0.0205308, 1.22463)
step: 416	0.203125	(0.0206299, 1.22523)
step: 417	0.203613	(0.0207292, 1.22582)
step: 418	0.204102	(0.0208287, 1.22642)
step: 419	0.20459	(0.0209285, 1.22702)
step: 420	0.205078	(0.0210285, 1.22762)
step: 421	0.205566	(0.0211288, 1.22822)
step: 422	0.206055	(0.0212293, 1.22882)
step: 423	0.206543	(0.02133, 1.22942)
step: 424	0.207031	(0.021431, 1.23002)
step: 425	0.20752	(0.0215322, 1.23062)
step: 426	0.208008	(0.0216336, 1.23122)
step: 427	0.208496	(0.0217353, 1.23182)
step: 428	0.208984	(0.0218372, 1.23243)
step: 429	0.209473	(0.0219394, 1.23303)
step: 430	0.209961	(0.0220418, 1.23363)
step: 431	0.210449	(0.0221444, 1.23423)
step: 432	0.210938	(0.0222473, 1.23484)
step: 433	0.211426	(0.0223504, 1.23544)
step: 434	0.211914	(0.0224538, 1.23604)
step: 435	0.212402	(0.0225574, 1.23665)
step: 436	0.212891	(0.0226612, 1.23725)
step: 437	0.213379	(0.0227653, 1.23785)
step: 438	0.213867	(0.0228696, 1.23846)
step: 439	0.214355	(0.0229741, 1.23906)
step: 440	0.214844	(0.0230789, 1.23967)
step: 441	0.215332	(0.0231839, 1.24027)
step: 442	0.21582	(0.0232892, 1.24088)
step: 443	0.216309	(0.0233947, 1.24149)
step: 444	0.216797	(0.0235004, 1.24209)
step: 445	0.217285	(0.0236064, 1.2427)
step: 446	0.217773	(0.0237126, 1.24331)
step: 447	0.218262	(0.0238191, 1.24391)
step: 448	0.21875	(0.0239258, 1.24452)
step: 449	0.219238	(0.0240327, 1.24513)
step: 450	0.219727	(0.0241399, 1.24574)
step: 451	0.220215	(0.0242473, 1.24634)
step: 452	0.220703	(0.0243549, 1.24695)
step: 453	0.221191	(0.0244628, 1.24756)
step: 454	0.22168	(0.0245709, 1.24817)
step: 455	0.222168	(0.0246793, 1.24878)
step: 456	0.222656	(0.0247879, 1.24939)
step: 457	0.223145	(0.0248967, 1.25)
step: 458	0.223633	(0.0250058, 1.25061)
step: 459	0.224121	(0.0251151, 1.25122)
step: 460	0.224609	(0.0252247, 1.25183)
step: 461	0.225098	(0.0253345, 1.25245)
step: 462	0.225586	(0.0254445, 1.25306)
step: 463	0.226074	(0.0255548, 1.25367)
step: 464	0.226563	(0.0256653, 1.25428)
step: 465	0.227051	(0.025776, 1.25489)
step: 466	0.227539	(0.025887, 1.25551)
step: 467	0.228027	(0.0259982, 1.25612)
step: 468	0.228516	(0.0261097, 1.25673)
step: 469	0.229004	(0.0262214, 1.25735)
step: 470	0.229492	(0.0263333, 1.25796)
step: 471	0.22998	(0.0264455, 1.25858)
step: 472	0.230469	(0.0265579, 1.25919)
step: 473	0.230957	(0.0266706, 1.25981)
step: 474	0.231445	(0.0267835, 1.26042)
step: 475	0.231934	(0.0268966, 1.26104)
step: 476	0.232422	(0.02701, 1.26165)
step: 477	0.23291	(0.0271236, 1.26227)
step: 478	0.233398	(0.0272374, 1.26288)
step: 479	0.233887	(0.0273515, 1.2635)
step: 480	0.234375	(0.0274658, 1.26412)
step: 481	0.234863	(0.0275804, 1.26474)
step: 482	0.235352	(0.0276952, 1.26535)
step: 483	0.23584	(0.0278102, 1.26597)
step: 484	0.236328	(0.0279255, 1.26659)
step: 485	0.236816	(0.028041, 1.26721)
step: 486	0.237305	(0.0281568, 1.26783)
step: 487	0.237793	(0.0282727, 1.26845)
step: 488	0.238281	(0.028389, 1.26907)
step: 489	0.23877	(0.0285054, 1.26969)
step: 490	0.239258	(0.0286222, 1.27031)
step: 491	0.239746	(0.0287391, 1.27093)
step: 492	0.240234	(0.0288563, 1.27155)
step: 493	0.240723	(0.0289737, 1.27217)
step: 494	0.241211	(0.0290914, 1.27279)
step: 495	0.241699	(0.0292093, 1.27341)
step: 496	0.242188	(0.0293274, 1.27403)
step: 497	0.242676	(0.0294458, 1.27466)
step: 498	0.243164	(0.0295644, 1.27528)
step: 499	0.243652	(0.0296832, 1.2759)
step: 500	0.244141	(0.0298023, 1.27652)
step: 501	0.244629	(0.0299217, 1.27715)
step: 502	0.245117	(0.0300412, 1.27777)
step: 503	0.245605	(0.030161, 1.2784)
step: 504	0.246094	(0.0302811, 1.27902)
step: 505	0.246582	(0.0304013, 1.27964)
step: 506	0.24707	(0.0305219, 1.28027)
step: 507	0.247559	(0.0306426, 1.28089)
step: 508	0.248047	(0.0307636, 1.28152)
step: 509	0.248535	(0.0308849, 1.28215)
step: 510	0.249023	(0.0310063, 1.28277)
step: 511	0.249512	(0.031128, 1.2834)
step: 512	0.25	(0.03125, 1.28403)
step: 513	0.250488	(0.0313722, 1.28465)
step: 514	0.250977	(0.0314946, 1.28528)
step: 515	0.251465	(0.0316173, 1.28591)
step: 516	0.251953	(0.0317402, 1.28654)
step: 517	0.252441	(0.0318633, 1.28716)
step: 518	0.25293	(0.0319867, 1.28779)
step: 519	0.253418	(0.0321103, 1.28842)
step: 520	0.253906	(0.0322342, 1.28905)
step: 521	0.254395	(0.0323583, 1.28968)
step: 522	0.254883	(0.0324826, 1.29031)
step: 523	0.255371	(0.0326072, 1.29094)
step: 524	0.255859	(0.032732, 1.29157)
step: 525	0.256348	(0.0328571, 1.2922)
step: 526	0.256836	(0.0329823, 1.29283)
step: 527	0.257324	(0.0331079, 1.29346)
step: 528	0.257813	(0.0332336, 1.2941)
step: 529	0.258301	(0.0333596, 1.29473)
step: 530	0.258789	(0.0334859, 1.29536)
step: 531	0.259277	(0.0336124, 1.29599)
step: 532	0.259766	(0.0337391, 1.29663)
step: 533	0.260254	(0.033866, 1.29726)
step: 534	0.260742	(0.0339932, 1.29789)
step: 535	0.26123	(0.0341207, 1.29853)
step: 536	0.261719	(0.0342484, 1.29916)
step: 537	0.262207	(0.0343763, 1.2998)
step: 538	0.262695	(0.0345044, 1.30043)
step: 539	0.263184	(0.0346328, 1.30107)
step: 540	0.263672	(0.0347614, 1.3017)
step: 541	0.26416	(0.0348903, 1.30234)
step: 542	0.264648	(0.0350194, 1.30297)
step: 543	0.265137	(0.0351487, 1.30361)
step: 544	0.265625	(0.0352783, 1.30425)
step: 545	0.266113	(0.0354081, 1.30488)
step: 546	0.266602	(0.0355382, 1.30552)
step: 547	0.26709	(0.0356685, 1.30616)
step: 548	0.267578	(0.035799, 1.3068)
step: 549	0.268066	(0.0359298, 1.30743)
step: 550	0.268555	(0.0360608, 1.30807)
step: 551	0.269043	(0.0361921, 1.30871)
step: 552	0.269531	(0.0363235, 1.30935)
step: 553	0.27002	(0.0364553, 1.30999)
step: 554	0.270508	(0.0365872, 1.31063)
step: 555	0.270996	(0.0367194, 1.31127)
step: 556	0.271484	(0.0368519, 1.31191)
step: 557	0.271973	(0.0369846, 1.31255)
step: 558	0.272461	(0.0371175, 1.31319)
step: 559	0.272949	(0.0372506, 1.31383)
step: 560	0.273438	(0.037384, 1.31448)
step: 561	0.273926	(0.0375177, 1.31512)
step: 562	0.274414	(0.0376515, 1.31576)
step: 563	0.274902	(0.0377856, 1.3164)
step: 564	0.275391	(0.03792, 1.31705)
step: 565	0.275879	(0.0380546, 1.31769)
step: 566	0.276367	(0.0381894, 1.31833)
step: 567	0.276855	(0.0383245, 1.31898)
step: 568	0.277344	(0.0384598, 1.31962)
step: 569	0.277832	(0.0385953, 1.32026)
step: 570	0.27832	(0.0387311, 1.32091)
step: 571	0.278809	(0.0388671, 1.32155)
step: 572	0.279297	(0.0390034, 1.3222)
step: 573	0.279785	(0.0391399, 1.32285)
step: 574	0.280273	(0.0392766, 1.32349)
step: 575	0.280762	(0.0394136, 1.32414)
step: 576	0.28125	(0.0395508, 1.32478)
step: 577	0.281738	(0.0396882, 1.32543)
step: 578	0.282227	(0.0398259, 1.32608)
step: 579	0.282715	(0.0399638, 1.32673)
step: 580	0.283203	(0.040102, 1.32737)
step: 581	0.283691	(0.0402404, 1.32802)
step: 582	0.28418	(0.040379, 1.32867)
step: 583	0.284668	(0.0405179, 1.32932)
step: 584	0.285156	(0.040657, 1.32997)
step: 585	0.285645	(0.0407964, 1.33062)
step: 586	0.286133	(0.040936, 1.33127)
step: 587	0.286621	(0.0410758, 1.33192)
step: 588	0.287109	(0.0412159, 1.33257)
step: 589	0.287598	(0.0413562, 1.33322)
step: 590	0.288086	(0.0414968, 1.33387)
step: 591	0.288574	(0.0416375, 1.33452)
step: 592	0.289063	(0.0417786, 1.33518)
step: 593	0.289551	(0.0419198, 1.33583)
step: 594	0.290039	(0.0420613, 1.33648)
step: 595	0.290527	(0.0422031, 1.33713)
step: 596	0.291016	(0.042345, 1.33779)
step: 597	0.291504	(0.0424873, 1.33844)
step: 598	0.291992	(0.0426297, 1.33909)
step: 599	0.29248	(0.0427724, 1.33975)
step: 600	0.292969	(0.0429153, 1.3404)
step: 601	0.293457	(0.0430585, 1.34106)
step: 602	0.293945	(0.0432019, 1.34171)
step: 603	0.294434	(0.0433456, 1.34237)
step: 604	0.294922	(0.0434895, 1.34302)
step: 605	0.29541	(0.0436336, 1.34368)
step: 606	0.295898	(0.0437779, 1.34433)
step: 607	0.296387	(0.0439225, 1.34499)
step: 608	0.296875	(0.0440674, 1.34565)
step: 609	0.297363	(0.0442125, 1.3463)
step: 610	0.297852	(0.0443578, 1.34696)
step: 611	0.29834	(0.0445033, 1.34762)
step: 612	0.298828	(0.0446491, 1.34828)
step: 613	0.299316	(0.0447952, 1.34894)
step: 614	0.299805	(0.0449414, 1.3496)
step: 615	0.300293	(0.0450879, 1.35025)
step: 616	0.300781	(0.0452347, 1.35091)
step: 617	0.30127	(0.0453817, 1.35157)
step: 618	0.301758	(0.0455289, 1.35223)
step: 619	0.302246	(0.0456764, 1.35289)
step: 620	0.302734	(0.0458241, 1.35355)
step: 621	0.303223	(0.045972, 1.35422)
step: 622	0.303711	(0.0461202, 1.35488)
step: 623	0.304199	(0.0462686, 1.35554)
step: 624	0.304688	(0.0464172, 1.3562)
step: 625	0.305176	(0.0465661, 1.35686)
step: 626	0.305664	(0.0467153, 1.35753)
step: 627	0.306152	(0.0468646, 1.35819)
step: 628	0.306641	(0.0470142, 1.35885)
step: 629	0.307129	(0.0471641, 1.35952)
step: 630	0.307617	(0.0473142, 1.36018)
step: 631	0.308105	(0.0474645, 1.36084)
step: 632	0.308594	(0.0476151, 1.36151)
step: 633	0.309082	(0.0477659, 1.36217)
step: 634	0.30957	(0.0479169, 1.36284)
step: 635	0.310059	(0.0480682, 1.36351)
step: 636	0.310547	(0.0482197, 1.36417)
step: 637	0.311035	(0.0483714, 1.36484)
step: 638	0.311523	(0.0485234, 1.3655)
step: 639	0.312012	(0.0486757, 1.36617)
step: 640	0.3125	(0.0488281, 1.36684)
step: 641	0.312988	(0.0489808, 1.36751)
step: 642	0.313477	(0.0491338, 1.36817)
step: 643	0.313965	(0.049287, 1.36884)
step: 644	0.314453	(0.0494404, 1.36951)
step: 645	0.314941	(0.049594, 1.37018)
step: 646	0.31543	(0.0497479, 1.37085)
step: 647	0.315918	(0.0499021, 1.37152)
step: 648	0.316406	(0.0500565, 1.37219)
step: 649	0.316895	(0.0502111, 1.37286)
step: 650	0.317383	(0.0503659, 1.37353)
step: 651	0.317871	(0.050521, 1.3742)
step: 652	0.318359	(0.0506763, 1.37487)
step: 653	0.318848	(0.0508319, 1.37554)
step: 654	0.319336	(0.0509877, 1.37621)
step: 655	0.319824	(0.0511438, 1.37689)
step: 656	0.320313	(0.0513, 1.37756)
step: 657	0.320801	(0.0514566, 1.37823)
step: 658	0.321289	(0.0516133, 1.3789)
step: 659	0.321777	(0.0517703, 1.37958)
step: 660	0.322266	(0.0519276, 1.38025)
step: 661	0.322754	(0.052085, 1.38093)
step: 662	0.323242	(0.0522428, 1.3816)
step: 663	0.32373	(0.0524007, 1.38227)
step: 664	0.324219	(0.0525589, 1.38295)
step: 665	0.324707	(0.0527173, 1.38363)
step: 666	0.325195	(0.052876, 1.3843)
step: 667	0.325684	(0.0530349, 1.38498)
step: 668	0.326172	(0.053194, 1.38565)
step: 669	0.32666	(0.0533534, 1.38633)
step: 670	0.327148	(0.0535131, 1.38701)
step: 671	0.327637	(0.0536729, 1.38768)
step: 672	0.328125	(0.053833, 1.38836)
step: 673	0.328613	(0.0539933, 1.38904)
step: 674	0.329102	(0.0541539, 1.38972)
step: 675	0.32959	(0.0543147, 1.3904)
step: 676	0.330078	(0.0544758, 1.39108)
step: 677	0.330566	(0.0546371, 1.39176)
step: 678	0.331055	(0.0547986, 1.39244)
step: 679	0.331543	(0.0549604, 1.39312)
step: 680	0.332031	(0.0551224, 1.3938)
step: 681	0.33252	(0.0552846, 1.39448)
step: 682	0.333008	(0.0554471, 1.39516)
step: 683	0.333496	(0.0556098, 1.39584)
step: 684	0.333984	(0.0557728, 1.39652)
step: 685	0.334473	(0.055936, 1.3972)
step: 686	0.334961	(0.0560994, 1.39789)
step: 687	0.335449	(0.0562631, 1.39857)
step: 688	0.335938	(0.056427, 1.39925)
step: 689	0.336426	(0.0565912, 1.39993)
step: 690	0.336914	(0.0567555, 1.40062)
step: 691	0.337402	(0.0569202, 1.4013)
step: 692	0.337891	(0.057085, 1.40199)
step: 693	0.338379	(0.0572501, 1.40267)
step: 694	0.338867	(0.0574155, 1.40336)
step: 695	0.339355	(0.0575811, 1.40404)
step: 696	0.339844	(0.0577469, 1.40473)
step: 697	0.340332	(0.0579129, 1.40541)
step: 698	0.34082	(0.0580792, 1.4061)
step: 699	0.341309	(0.0582458, 1.40679)
step: 700	0.341797	(0.0584126, 1.40747)
step: 701	0.342285	(0.0585796, 1.40816)
step: 702	0.342773	(0.0587468, 1.40885)
step: 703	0.343262	(0.0589143, 1.40954)
step: 704	0.34375	(0.059082, 1.41023)
step: 705	0.344238	(0.05925, 1.41091)
step: 706	0.344727	(0.0594182, 1.4116)
step: 707	0.345215	(0.0595866, 1.41229)
step: 708	0.345703	(0.0597553, 1.41298)
step: 709	0.346191	(0.0599242, 1.41367)
step: 710	0.34668	(0.0600934, 1.41436)
step: 711	0.347168	(0.0602628, 1.41505)
step: 712	0.347656	(0.0604324, 1.41575)
step: 713	0.348145	(0.0606023, 1.41644)
step: 714	0.348633	(0.0607724, 1.41713)
step: 715	0.349121	(0.0609428, 1.41782)
step: 716	0.349609	(0.0611134, 1.41851)
step: 717	0.350098	(0.0612842, 1.41921)
step: 718	0.350586	(0.0614552, 1.4199)
step: 719	0.351074	(0.0616266, 1.42059)
step: 720	0.351563	(0.0617981, 1.42129)
step: 721	0.352051	(0.0619699, 1.42198)
step: 722	0.352539	(0.0621419, 1.42268)
step: 723	0.353027	(0.0623142, 1.42337)
step: 724	0.353516	(0.0624866, 1.42407)
step: 725	0.354004	(0.0626594, 1.42476)
step: 726	0.354492	(0.0628324, 1.42546)
step: 727	0.35498	(0.0630056, 1.42615)
step: 728	0.355469	(0.063179, 1.42685)
step: 729	0.355957	(0.0633527, 1.42755)
step: 730	0.356445	(0.0635266, 1.42824)
step: 731	0.356934	(0.0637008, 1.42894)
step: 732	0.357422	(0.0638752, 1.42964)
step: 733	0.35791	(0.0640498, 1.43034)
step: 734	0.358398	(0.0642247, 1.43104)
step: 735	0.358887	(0.0643998, 1.43173)
step: 736	0.359375	(0.0645752, 1.43243)
step: 737	0.359863	(0.0647508, 1.43313)
step: 738	0.360352	(0.0649266, 1.43383)
step: 739	0.36084	(0.0651027, 1.43453)
step: 740	0.361328	(0.065279, 1.43523)
step: 741	0.361816	(0.0654556, 1.43594)
step: 742	0.362305	(0.0656323, 1.43664)
step: 743	0.362793	(0.0658094, 1.43734)
step: 744	0.363281	(0.0659866, 1.43804)
step: 745	0.36377	(0.0661641, 1.43874)
step: 746	0.364258	(0.0663419, 1.43945)
step: 747	0.364746	(0.0665199, 1.44015)
step: 748	0.365234	(0.0666981, 1.44085)
step: 749	0.365723	(0.0668765, 1.44156)
step: 750	0.366211	(0.0670552, 1.44226)
step: 751	0.366699	(0.0672342, 1.44296)
step: 752	0.367188	(0.0674133, 1.44367)
step: 753	0.367676	(0.0675927, 1.44437)
step: 754	0.368164	(0.0677724, 1.44508)
step: 755	0.368652	(0.0679523, 1.44578)
step: 756	0.369141	(0.0681324, 1.44649)
step: 757	0.369629	(0.0683128, 1.4472)
step: 758	0.370117	(0.0684934, 1.4479)
step: 759	0.370605	(0.0686742, 1.44861)
step: 760	0.371094	(0.0688553, 1.44932)
step: 761	0.371582	(0.0690366, 1.45003)
step: 762	0.37207	(0.0692182, 1.45073)
step: 763	0.372559	(0.0694, 1.45144)
step: 764	0.373047	(0.069582, 1.45215)
step: 765	0.373535	(0.0697643, 1.45286)
step: 766	0.374023	(0.0699468, 1.45357)
step: 767	0.374512	(0.0701295, 1.45428)
step: 768	0.375	(0.0703125, 1.45499)
step: 769	0.375488	(0.0704957, 1.4557)
step: 770	0.375977	(0.0706792, 1.45641)
step: 771	0.376465	(0.0708629, 1.45712)
step: 772	0.376953	(0.0710468, 1.45784)
step: 773	0.377441	(0.071231, 1.45855)
step: 774	0.37793	(0.0714154, 1.45926)
step: 775	0.378418	(0.0716001, 1.45997)
step: 776	0.378906	(0.071785, 1.46069)
step: 777	0.379395	(0.0719701, 1.4614)
step: 778	0.379883	(0.0721555, 1.46211)
step: 779	0.380371	(0.0723411, 1.46283)
step: 780	0.380859	(0.0725269, 1.46354)
step: 781	0.381348	(0.072713, 1.46426)
step: 782	0.381836	(0.0728993, 1.46497)
step: 783	0.382324	(0.0730859, 1.46569)
step: 784	0.382813	(0.0732727, 1.4664)
step: 785	0.383301	(0.0734597, 1.46712)
step: 786	0.383789	(0.073647, 1.46784)
step: 787	0.384277	(0.0738345, 1.46855)
step: 788	0.384766	(0.0740223, 1.46927)
step: 789	0.385254	(0.0742103, 1.46999)
step: 790	0.385742	(0.0743985, 1.47071)
step: 791	0.38623	(0.074587, 1.47142)
step: 792	0.386719	(0.0747757, 1.47214)
step: 793	0.387207	(0.0749646, 1.47286)
step: 794	0.387695	(0.0751538, 1.47358)
step: 795	0.388184	(0.0753433, 1.4743)
step: 796	0.388672	(0.0755329, 1.47502)
step: 797	0.38916	(0.0757228, 1.47574)
step: 798	0.389648	(0.075913, 1.47646)
step: 799	0.390137	(0.0761033, 1.47718)
step: 800	0.390625	(0.0762939, 1.4779)
step: 801	0.391113	(0.0764848, 1.47863)
step: 802	0.391602	(0.0766759, 1.47935)
step: 803	0.39209	(0.0768672, 1.48007)
step: 804	0.392578	(0.0770588, 1.48079)
step: 805	0.393066	(0.0772506, 1.48152)
step: 806	0.393555	(0.0774426, 1.48224)
step: 807	0.394043	(0.0776349, 1.48296)
step: 808	0.394531	(0.0778275, 1.48369)
step: 809	0.39502	(0.0780202, 1.48441)
step: 810	0.395508	(0.0782132, 1.48514)
step: 811	0.395996	(0.0784065, 1.48586)
step: 812	0.396484	(0.0785999, 1.48659)
step: 813	0.396973	(0.0787936, 1.48732)
step: 814	0.397461	(0.0789876, 1.48804)
step: 815	0.397949	(0.0791818, 1.48877)
step: 816	0.398438	(0.0793762, 1.4895)
step: 817	0.398926	(0.0795709, 1.49022)
step: 818	0.399414	(0.0797658, 1.49095)
step: 819	0.399902	(0.0799609, 1.49168)
step: 820	0.400391	(0.0801563, 1.49241)
step: 821	0.400879	(0.0803519, 1.49314)
step: 822	0.401367	(0.0805478, 1.49387)
step: 823	0.401855	(0.0807439, 1.4946)
step: 824	0.402344	(0.0809402, 1.49533)
step: 825	0.402832	(0.0811368, 1.49606)
step: 826	0.40332	(0.0813336, 1.49679)
step: 827	0.403809	(0.0815307, 1.49752)
step: 828	0.404297	(0.081728, 1.49825)
step: 829	0.404785	(0.0819255, 1.49898)
step: 830	0.405273	(0.0821233, 1.49971)
step: 831	0.405762	(0.0823213, 1.50044)
step: 832	0.40625	(0.0825195, 1.50118)
step: 833	0.406738	(0.082718, 1.50191)
step: 834	0.407227	(0.0829167, 1.50264)
step: 835	0.407715	(0.0831157, 1.50338)
step: 836	0.408203	(0.0833149, 1.50411)
step: 837	0.408691	(0.0835143, 1.50485)
step: 838	0.40918	(0.083714, 1.50558)
step: 839	0.409668	(0.0839139, 1.50632)
step: 840	0.410156	(0.0841141, 1.50705)
step: 841	0.410645	(0.0843145, 1.50779)
step: 842	0.411133	(0.0845151, 1.50853)
step: 843	0.411621	(0.084716, 1.50926)
step: 844	0.412109	(0.0849171, 1.51)
step: 845	0.412598	(0.0851184, 1.51074)
step: 846	0.413086	(0.08532, 1.51147)
step: 847	0.413574	(0.0855218, 1.51221)
step: 848	0.414063	(0.0857239, 1.51295)
step: 849	0.414551	(0.0859262, 1.51369)
step: 850	0.415039	(0.0861287, 1.51443)
step: 851	0.415527	(0.0863315, 1.51517)
step: 852	0.416016	(0.0865345, 1.51591)
step: 853	0.416504	(0.0867378, 1.51665)
step: 854	0.416992	(0.0869412, 1.51739)
step: 855	0.41748	(0.087145, 1.51813)
step: 856	0.417969	(0.0873489, 1.51887)
step: 857	0.418457	(0.0875531, 1.51962)
step: 858	0.418945	(0.0877576, 1.52036)
step: 859	0.419434	(0.0879623, 1.5211)
step: 860	0.419922	(0.0881672, 1.52184)
step: 861	0.42041	(0.0883723, 1.52259)
step: 862	0.420898	(0.0885777, 1.52333)
step: 863	0.421387	(0.0887834, 1.52407)
step: 864	0.421875	(0.0889893, 1.52482)
step: 865	0.422363	(0.0891954, 1.52556)
step: 866	0.422852	(0.0894017, 1.52631)
step: 867	0.42334	(0.0896083, 1.52705)
step: 868	0.423828	(0.0898151, 1.5278)
step: 869	0.424316	(0.0900222, 1.52855)
step: 870	0.424805	(0.0902295, 1.52929)
step: 871	0.425293	(0.0904371, 1.53004)
step: 872	0.425781	(0.0906448, 1.53079)
step: 873	0.42627	(0.0908529, 1.53153)
step: 874	0.426758	(0.0910611, 1.53228)
step: 875	0.427246	(0.0912696, 1.53303)
step: 876	0.427734	(0.0914783, 1.53378)
step: 877	0.428223	(0.0916873, 1.53453)
step: 878	0.428711	(0.0918965, 1.53528)
step: 879	0.429199	(0.092106, 1.53603)
step: 880	0.429688	(0.0923157, 1.53678)
step: 881	0.430176	(0.0925256, 1.53753)
step: 882	0.430664	(0.0927358, 1.53828)
step: 883	0.431152	(0.0929462, 1.53903)
step: 884	0.431641	(0.0931568, 1.53978)
step: 885	0.432129	(0.0933677, 1.54053)
step: 886	0.432617	(0.0935788, 1.54129)
step: 887	0.433105	(0.0937902, 1.54204)
step: 888	0.433594	(0.0940018, 1.54279)
step: 889	0.434082	(0.0942136, 1.54355)
step: 890	0.43457	(0.0944257, 1.5443)
step: 891	0.435059	(0.094638, 1.54505)
step: 892	0.435547	(0.0948505, 1.54581)
step: 893	0.436035	(0.0950633, 1.54656)
step: 894	0.436523	(0.0952764, 1.54732)
step: 895	0.437012	(0.0954896, 1.54807)
step: 896	0.4375	(0.0957031, 1.54883)
step: 897	0.437988	(0.0959169, 1.54959)
step: 898	0.438477	(0.0961308, 1.55034)
step: 899	0.438965	(0.0963451, 1.5511)
step: 900	0.439453	(0.0965595, 1.55186)
step: 901	0.439941	(0.0967742, 1.55262)
step: 902	0.44043	(0.0969892, 1.55337)
step: 903	0.440918	(0.0972043, 1.55413)
step: 904	0.441406	(0.0974197, 1.55489)
step: 905	0.441895	(0.0976354, 1.55565)
step: 906	0.442383	(0.0978513, 1.55641)
step: 907	0.442871	(0.0980674, 1.55717)
step: 908	0.443359	(0.0982838, 1.55793)
step: 909	0.443848	(0.0985004, 1.55869)
step: 910	0.444336	(0.0987172, 1.55945)
step: 911	0.444824	(0.0989343, 1.56022)
step: 912	0.445313	(0.0991516, 1.56098)
step: 913	0.445801	(0.0993692, 1.56174)
step: 914	0.446289	(0.099587, 1.5625)
step: 915	0.446777	(0.099805, 1.56327)
step: 916	0.447266	(0.100023, 1.56403)
step: 917	0.447754	(0.100242, 1.56479)
step: 918	0.448242	(0.100461, 1.56556)
step: 919	0.44873	(0.10068, 1.56632)
step: 920	0.449219	(0.100899, 1.56709)
step: 921	0.449707	(0.101118, 1.56785)
step: 922	0.450195	(0.101338, 1.56862)
step: 923	0.450684	(0.101558, 1.56938)
step: 924	0.451172	(0.101778, 1.57015)
step: 925	0.45166	(0.101998, 1.57092)
step: 926	0.452148	(0.102219, 1.57169)
step: 927	0.452637	(0.10244, 1.57245)
step: 928	0.453125	(0.102661, 1.57322)
step: 929	0.453613	(0.102883, 1.57399)
step: 930	0.454102	(0.103104, 1.57476)
step: 931	0.45459	(0.103326, 1.57553)
step: 932	0.455078	(0.103548, 1.5763)
step: 933	0.455566	(0.10377, 1.57707)
step: 934	0.456055	(0.103993, 1.57784)
step: 935	0.456543	(0.104216, 1.57861)
step: 936	0.457031	(0.104439, 1.57938)
step: 937	0.45752	(0.104662, 1.58015)
step: 938	0.458008	(0.104886, 1.58092)
step: 939	0.458496	(0.105109, 1.58169)
step: 940	0.458984	(0.105333, 1.58247)
step: 941	0.459473	(0.105558, 1.58324)
step: 942	0.459961	(0.105782, 1.58401)
step: 943	0.460449	(0.106007, 1.58479)
step: 944	0.460938	(0.106232, 1.58556)
step: 945	0.461426	(0.106457, 1.58633)
step: 946	0.461914	(0.106682, 1.58711)
step: 947	0.462402	(0.106908, 1.58788)
step: 948	0.462891	(0.107134, 1.58866)
step: 949	0.463379	(0.10736, 1.58944)
step: 950	0.463867	(0.107586, 1.59021)
step: 951	0.464355	(0.107813, 1.59099)
step: 952	0.464844	(0.10804, 1.59177)
step: 953	0.465332	(0.108267, 1.59254)
step: 954	0.46582	(0.108494, 1.59332)
step: 955	0.466309	(0.108722, 1.5941)
step: 956	0.466797	(0.10895, 1.59488)
step: 957	0.467285	(0.109178, 1.59566)
step: 958	0.467773	(0.109406, 1.59644)
step: 959	0.468262	(0.109635, 1.59722)
step: 960	0.46875	(0.109863, 1.598)
step: 961	0.469238	(0.110092, 1.59878)
step: 962	0.469727	(0.110322, 1.59956)
step: 963	0.470215	(0.110551, 1.60034)
step: 964	0.470703	(0.110781, 1.60112)
step: 965	0.471191	(0.111011, 1.6019)
step: 966	0.47168	(0.111241, 1.60268)
step: 967	0.472168	(0.111471, 1.60347)
step: 968	0.472656	(0.111702, 1.60425)
step: 969	0.473145	(0.111933, 1.60503)
step: 970	0.473633	(0.112164, 1.60582)
step: 971	0.474121	(0.112395, 1.6066)
step: 972	0.474609	(0.112627, 1.60739)
step: 973	0.475098	(0.112859, 1.60817)
step: 974	0.475586	(0.113091, 1.60896)
step: 975	0.476074	(0.113323, 1.60974)
step: 976	0.476563	(0.113556, 1.61053)
step: 977	0.477051	(0.113789, 1.61132)
step: 978	0.477539	(0.114022, 1.6121)
step: 979	0.478027	(0.114255, 1.61289)
step: 980	0.478516	(0.114489, 1.61368)
step: 981	0.479004	(0.114722, 1.61447)
step: 982	0.479492	(0.114956, 1.61525)
step: 983	0.47998	(0.115191, 1.61604)
step: 984	0.480469	(0.115425, 1.61683)
step: 985	0.480957	(0.11566, 1.61762)
step: 986	0.481445	(0.115895, 1.61841)
step: 987	0.481934	(0.11613, 1.6192)
step: 988	0.482422	(0.116365, 1.61999)
step: 989	0.48291	(0.116601, 1.62078)
step: 990	0.483398	(0.116837, 1.62158)
step: 991	0.483887	(0.117073, 1.62237)
step: 992	0.484375	(0.11731, 1.62316)
step: 993	0.484863	(0.117546, 1.62395)
step: 994	0.485352	(0.117783, 1.62475)
step: 995	0.48584	(0.11802, 1.62554)
step: 996	0.486328	(0.118258, 1.62633)
step: 997	0.486816	(0.118495, 1.62713)
step: 998	0.487305	(0.118733, 1.62792)
step: 999	0.487793	(0.118971, 1.62872)
step: 1000	0.488281	(0.119209, 1.62951)
step: 1001	0.48877	(0.119448, 1.63031)
step: 1002	0.489258	(0.119687, 1.63111)
step: 1003	0.489746	(0.119926, 1.6319)
step: 1004	0.490234	(0.120165, 1.6327)
step: 1005	0.490723	(0.120404, 1.6335)
step: 1006	0.491211	(0.120644, 1.63429)
step: 1007	0.491699	(0.120884, 1.63509)
step: 1008	0.492188	(0.121124, 1.63589)
step: 1009	0.492676	(0.121365, 1.63669)
step: 1010	0.493164	(0.121605, 1.63749)
step: 1011	0.493652	(0.121846, 1.63829)
step: 1012	0.494141	(0.122087, 1.63909)
step: 1013	0.494629	(0.122329, 1.63989)
step: 1014	0.495117	(0.122571, 1.64069)
step: 1015	0.495605	(0.122812, 1.64149)
step: 1016	0.496094	(0.123055, 1.64229)
step: 1017	0.496582	(0.123297, 1.6431)
step: 1018	0.49707	(0.123539, 1.6439)
step: 1019	0.497559	(0.123782, 1.6447)
step: 1020	0.498047	(0.124025, 1.6455)
step: 1021	0.498535	(0.124269, 1.64631)
step: 1022	0.499023	(0.124512, 1.64711)
step: 1023	0.499512	(0.124756, 1.64792)
step: 1024	0.5	(0.125, 1.64872)
step: 1025	0.500488	(0.125244, 1.64953)
step: 1026	0.500977	(0.125489, 1.65033)
step: 1027	0.501465	(0.125733, 1.65114)
step: 1028	0.501953	(0.125978, 1.65194)
step: 1029	0.502441	(0.126224, 1.65275)
step: 1030	0.50293	(0.126469, 1.65356)
step: 1031	0.503418	(0.126715, 1.65437)
step: 1032	0.503906	(0.126961, 1.65517)
step: 1033	0.504395	(0.127207, 1.65598)
step: 1034	0.504883	(0.127453, 1.65679)
step: 1035	0.505371	(0.1277, 1.6576)
step: 1036	0.505859	(0.127947, 1.65841)
step: 1037	0.506348	(0.128194, 1.65922)
step: 1038	0.506836	(0.128441, 1.66003)
step: 1039	0.507324	(0.128689, 1.66084)
step: 1040	0.507813	(0.128937, 1.66165)
step: 1041	0.508301	(0.129185, 1.66246)
step: 1042	0.508789	(0.129433, 1.66328)
step: 1043	0.509277	(0.129682, 1.66409)
step: 1044	0.509766	(0.12993, 1.6649)
step: 1045	0.510254	(0.13018, 1.66571)
step: 1046	0.510742	(0.130429, 1.66653)
step: 1047	0.51123	(0.130678, 1.66734)
step: 1048	0.511719	(0.130928, 1.66816)
step: 1049	0.512207	(0.131178, 1.66897)
step: 1050	0.512695	(0.131428, 1.66979)
step: 1051	0.513184	(0.131679, 1.6706)
step: 1052	0.513672	(0.131929, 1.67142)
step: 1053	0.51416	(0.13218, 1.67223)
step: 1054	0.514648	(0.132432, 1.67305)
step: 1055	0.515137	(0.132683, 1.67387)
step: 1056	0.515625	(0.132935, 1.67468)
step: 1057	0.516113	(0.133186, 1.6755)
step: 1058	0.516602	(0.133439, 1.67632)
step: 1059	0.51709	(0.133691, 1.67714)
step: 1060	0.517578	(0.133944, 1.67796)
step: 1061	0.518066	(0.134196, 1.67878)
step: 1062	0.518555	(0.134449, 1.6796)
step: 1063	0.519043	(0.134703, 1.68042)
step: 1064	0.519531	(0.134956, 1.68124)
step: 1065	0.52002	(0.13521, 1.68206)
step: 1066	0.520508	(0.135464, 1.68288)
step: 1067	0.520996	(0.135718, 1.6837)
step: 1068	0.521484	(0.135973, 1.68453)
step: 1069	0.521973	(0.136228, 1.68535)
step: 1070	0.522461	(0.136483, 1.68617)
step: 1071	0.522949	(0.136738, 1.687)
step: 1072	0.523438	(0.136993, 1.68782)
step: 1073	0.523926	(0.137249, 1.68864)
step: 1074	0.524414	(0.137505, 1.68947)
step: 1075	0.524902	(0.137761, 1.69029)
step: 1076	0.525391	(0.138018, 1.69112)
step: 1077	0.525879	(0.138274, 1.69195)
step: 1078	0.526367	(0.138531, 1.69277)
step: 1079	0.526855	(0.138788, 1.6936)
step: 1080	0.527344	(0.139046, 1.69443)
step: 1081	0.527832	(0.139303, 1.69525)
step: 1082	0.52832	(0.139561, 1.69608)
step: 1083	0.528809	(0.139819, 1.69691)
step: 1084	0.529297	(0.140078, 1.69774)
step: 1085	0.529785	(0.140336, 1.69857)
step: 1086	0.530273	(0.140595, 1.6994)
step: 1087	0.530762	(0.140854, 1.70023)
step: 1088	0.53125	(0.141113, 1.70106)
step: 1089	0.531738	(0.141373, 1.70189)
step: 1090	0.532227	(0.141633, 1.70272)
step: 1091	0.532715	(0.141893, 1.70355)
step: 1092	0.533203	(0.142153, 1.70438)
step: 1093	0.533691	(0.142413, 1.70522)
step: 1094	0.53418	(0.142674, 1.70605)
step: 1095	0.534668	(0.142935, 1.70688)
step: 1096	0.535156	(0.143196, 1.70772)
step: 1097	0.535645	(0.143458, 1.70855)
step: 1098	0.536133	(0.143719, 1.70938)
step: 1099	0.536621	(0.143981, 1.71022)
step: 1100	0.537109	(0.144243, 1.71105)
step: 1101	0.537598	(0.144506, 1.71189)
step: 1102	0.538086	(0.144768, 1.71273)
step: 1103	0.538574	(0.145031, 1.71356)
step: 1104	0.539063	(0.145294, 1.7144)
step: 1105	0.539551	(0.145558, 1.71524)
step: 1106	0.540039	(0.145821, 1.71607)
step: 1107	0.540527	(0.146085, 1.71691)
step: 1108	0.541016	(0.146349, 1.71775)
step: 1109	0.541504	(0.146613, 1.71859)
step: 1110	0.541992	(0.146878, 1.71943)
step: 1111	0.54248	(0.147143, 1.72027)
step: 1112	0.542969	(0.147408, 1.72111)
step: 1113	0.543457	(0.147673, 1.72195)
step: 1114	0.543945	(0.147938, 1.72279)
step: 1115	0.544434	(0.148204, 1.72363)
step: 1116	0.544922	(0.14847, 1.72447)
step: 1117	0.54541	(0.148736, 1.72532)
step: 1118	0.545898	(0.149003, 1.72616)
step: 1119	0.546387	(0.149269, 1.727)
step: 1120	0.546875	(0.149536, 1.72785)
step: 1121	0.547363	(0.149803, 1.72869)
step: 1122	0.547852	(0.150071, 1.72953)
step: 1123	0.54834	(0.150338, 1.73038)
step: 1124	0.548828	(0.150606, 1.73122)
step: 1125	0.549316	(0.150874, 1.73207)
step: 1126	0.549805	(0.151143, 1.73291)
step: 1127	0.550293	(0.151411, 1.73376)
step: 1128	0.550781	(0.15168, 1.73461)
step: 1129	0.55127	(0.151949, 1.73545)
step: 1130	0.551758	(0.152218, 1.7363)
step: 1131	0.552246	(0.152488, 1.73715)
step: 1132	0.552734	(0.152758, 1.738)
step: 1133	0.553223	(0.153028, 1.73885)
step: 1134	0.553711	(0.153298, 1.7397)
step: 1135	0.554199	(0.153568, 1.74055)
step: 1136	0.554688	(0.153839, 1.7414)
step: 1137	0.555176	(0.15411, 1.74225)
step: 1138	0.555664	(0.154381, 1.7431)
step: 1139	0.556152	(0.154653, 1.74395)
step: 1140	0.556641	(0.154924, 1.7448)
step: 1141	0.557129	(0.155196, 1.74565)
step: 1142	0.557617	(0.155468, 1.74651)
step: 1143	0.558105	(0.155741, 1.74736)
step: 1144	0.558594	(0.156013, 1.74821)
step: 1145	0.559082	(0.156286, 1.74907)
step: 1146	0.55957	(0.156559, 1.74992)
step: 1147	0.560059	(0.156833, 1.75078)
step: 1148	0.560547	(0.157106, 1.75163)
step: 1149	0.561035	(0.15738, 1.75249)
step: 1150	0.561523	(0.157654, 1.75334)
step: 1151	0.562012	(0.157929, 1.7542)
step: 1152	0.5625	(0.158203, 1.75505)
step: 1153	0.562988	(0.158478, 1.75591)
step: 1154	0.563477	(0.158753, 1.75677)
step: 1155	0.563965	(0.159028, 1.75763)
step: 1156	0.564453	(0.159304, 1.75849)
step: 1157	0.564941	(0.159579, 1.75934)
step: 1158	0.56543	(0.159855, 1.7602)
step: 1159	0.565918	(0.160132, 1.76106)
step: 1160	0.566406	(0.160408, 1.76192)
step: 1161	0.566895	(0.160685, 1.76278)
step: 1162	0.567383	(0.160962, 1.76365)
step: 1163	0.567871	(0.161239, 1.76451)
step: 1164	0.568359	(0.161516, 1.76537)
step: 1165	0.568848	(0.161794, 1.76623)
step: 1166	0.569336	(0.162072, 1.76709)
step: 1167	0.569824	(0.16235, 1.76796)
step: 1168	0.570313	(0.162628, 1.76882)
step: 1169	0.570801	(0.162907, 1.76968)
step: 1170	0.571289	(0.163186, 1.77055)
step: 1171	0.571777	(0.163465, 1.77141)
step: 1172	0.572266	(0.163744, 1.77228)
step: 1173	0.572754	(0.164024, 1.77314)
step: 1174	0.573242	(0.164303, 1.77401)
step: 1175	0.57373	(0.164583, 1.77488)
step: 1176	0.574219	(0.164864, 1.77574)
step: 1177	0.574707	(0.165144, 1.77661)
step: 1178	0.575195	(0.165425, 1.77748)
step: 1179	0.575684	(0.165706, 1.77835)
step: 1180	0.576172	(0.165987, 1.77921)
step: 1181	0.57666	(0.166268, 1.78008)
step: 1182	0.577148	(0.16655, 1.78095)
step: 1183	0.577637	(0.166832, 1.78182)
step: 1184	0.578125	(0.167114, 1.78269)
step: 1185	0.578613	(0.167397, 1.78356)
step: 1186	0.579102	(0.167679, 1.78443)
step: 1187	0.57959	(0.167962, 1.78531)
step: 1188	0.580078	(0.168245, 1.78618)
step: 1189	0.580566	(0.168529, 1.78705)
step: 1190	0.581055	(0.168812, 1.78792)
step: 1191	0.581543	(0.169096, 1.7888)
step: 1192	0.582031	(0.16938, 1.78967)
step: 1193	0.58252	(0.169665, 1.79054)
step: 1194	0.583008	(0.169949, 1.79142)
step: 1195	0.583496	(0.170234, 1.79229)
step: 1196	0.583984	(0.170519, 1.79317)
step: 1197	0.584473	(0.170804, 1.79404)
step: 1198	0.584961	(0.17109, 1.79492)
step: 1199	0.585449	(0.171375, 1.7958)
step: 1200	0.585938	(0.171661, 1.79667)
step: 1201	0.586426	(0.171948, 1.79755)
step: 1202	0.586914	(0.172234, 1.79843)
step: 1203	0.587402	(0.172521, 1.79931)
step: 1204	0.587891	(0.172808, 1.80019)
step: 1205	0.588379	(0.173095, 1.80107)
step: 1206	0.588867	(0.173382, 1.80195)
step: 1207	0.589355	(0.17367, 1.80283)
step: 1208	0.589844	(0.173958, 1.80371)
step: 1209	0.590332	(0.174246, 1.80459)
step: 1210	0.59082	(0.174534, 1.80547)
step: 1211	0.591309	(0.174823, 1.80635)
step: 1212	0.591797	(0.175112, 1.80723)
step: 1213	0.592285	(0.175401, 1.80812)
step: 1214	0.592773	(0.17569, 1.809)
step: 1215	0.593262	(0.17598, 1.80988)
step: 1216	0.59375	(0.17627, 1.81077)
step: 1217	0.594238	(0.17656, 1.81165)
step: 1218	0.594727	(0.17685, 1.81254)
step: 1219	0.595215	(0.17714, 1.81342)
step: 1220	0.595703	(0.177431, 1.81431)
step: 1221	0.596191	(0.177722, 1.81519)
step: 1222	0.59668	(0.178013, 1.81608)
step: 1223	0.597168	(0.178305, 1.81697)
step: 1224	0.597656	(0.178596, 1.81785)
step: 1225	0.598145	(0.178888, 1.81874)
step: 1226	0.598633	(0.179181, 1.81963)
step: 1227	0.599121	(0.179473, 1.82052)
step: 1228	0.599609	(0.179766, 1.82141)
step: 1229	0.600098	(0.180059, 1.8223)
step: 1230	0.600586	(0.180352, 1.82319)
step: 1231	0.601074	(0.180645, 1.82408)
step: 1232	0.601563	(0.180939, 1.82497)
step: 1233	0.602051	(0.181233, 1.82586)
step: 1234	0.602539	(0.181527, 1.82675)
step: 1235	0.603027	(0.181821, 1.82764)
step: 1236	0.603516	(0.182116, 1.82854)
step: 1237	0.604004	(0.18241, 1.82943)
step: 1238	0.604492	(0.182705, 1.83032)
step: 1239	0.60498	(0.183001, 1.83122)
step: 1240	0.605469	(0.183296, 1.83211)
step: 1241	0.605957	(0.183592, 1.83301)
step: 1242	0.606445	(0.183888, 1.8339)
step: 1243	0.606934	(0.184184, 1.8348)
step: 1244	0.607422	(0.184481, 1.83569)
step: 1245	0.60791	(0.184777, 1.83659)
step: 1246	0.608398	(0.185074, 1.83749)
step: 1247	0.608887	(0.185372, 1.83838)
step: 1248	0.609375	(0.185669, 1.83928)
step: 1249	0.609863	(0.185967, 1.84018)
step: 1250	0.610352	(0.186265, 1.84108)
step: 1251	0.61084	(0.186563, 1.84198)
step: 1252	0.611328	(0.186861, 1.84288)
step: 1253	0.611816	(0.18716, 1.84378)
step: 1254	0.612305	(0.187459, 1.84468)
step: 1255	0.612793	(0.187758, 1.84558)
step: 1256	0.613281	(0.188057, 1.84648)
step: 1257	0.61377	(0.188357, 1.84738)
step: 1258	0.614258	(0.188656, 1.84828)
step: 1259	0.614746	(0.188956, 1.84919)
step: 1260	0.615234	(0.189257, 1.85009)
step: 1261	0.615723	(0.189557, 1.85099)
step: 1262	0.616211	(0.189858, 1.8519)
step: 1263	0.616699	(0.190159, 1.8528)
step: 1264	0.617188	(0.19046, 1.85371)
step: 1265	0.617676	(0.190762, 1.85461)
step: 1266	0.618164	(0.191063, 1.85552)
step: 1267	0.618652	(0.191365, 1.85642)
step: 1268	0.619141	(0.191668, 1.85733)
step: 1269	0.619629	(0.19197, 1.85824)
step: 1270	0.620117	(0.192273, 1.85915)
step: 1271	0.620605	(0.192576, 1.86005)
step: 1272	0.621094	(0.192879, 1.86096)
step: 1273	0.621582	(0.193182, 1.86187)
step: 1274	0.62207	(0.193486, 1.86278)
step: 1275	0.622559	(0.19379, 1.86369)
step: 1276	0.623047	(0.194094, 1.8646)
step: 1277	0.623535	(0.194398, 1.86551)
step: 1278	0.624023	(0.194703, 1.86642)
step: 1279	0.624512	(0.195007, 1.86733)
step: 1280	0.625	(0.195313, 1.86825)
step: 1281	0.625488	(0.195618, 1.86916)
step: 1282	0.625977	(0.195923, 1.87007)
step: 1283	0.626465	(0.196229, 1.87098)
step: 1284	0.626953	(0.196535, 1.8719)
step: 1285	0.627441	(0.196841, 1.87281)
step: 1286	0.62793	(0.197148, 1.87373)
step: 1287	0.628418	(0.197455, 1.87464)
step: 1288	0.628906	(0.197762, 1.87556)
step: 1289	0.629395	(0.198069, 1.87647)
step: 1290	0.629883	(0.198376, 1.87739)
step: 1291	0.630371	(0.198684, 1.87831)
step: 1292	0.630859	(0.198992, 1.87922)
step: 1293	0.631348	(0.1993, 1.88014)
step: 1294	0.631836	(0.199608, 1.88106)
step: 1295	0.632324	(0.199917, 1.88198)
step: 1296	0.632813	(0.200226, 1.8829)
step: 1297	0.633301	(0.200535, 1.88382)
step: 1298	0.633789	(0.200844, 1.88474)
step: 1299	0.634277	(0.201154, 1.88566)
step: 1300	0.634766	(0.201464, 1.88658)
step: 1301	0.635254	(0.201774, 1.8875)
step: 1302	0.635742	(0.202084, 1.88842)
step: 1303	0.63623	(0.202395, 1.88935)
step: 1304	0.636719	(0.202705, 1.89027)
step: 1305	0.637207	(0.203016, 1.89119)
step: 1306	0.637695	(0.203328, 1.89212)
step: 1307	0.638184	(0.203639, 1.89304)
step: 1308	0.638672	(0.203951, 1.89396)
step: 1309	0.63916	(0.204263, 1.89489)
step: 1310	0.639648	(0.204575, 1.89581)
step: 1311	0.640137	(0.204888, 1.89674)
step: 1312	0.640625	(0.2052, 1.89767)
step: 1313	0.641113	(0.205513, 1.89859)
step: 1314	0.641602	(0.205826, 1.89952)
step: 1315	0.64209	(0.20614, 1.90045)
step: 1316	0.642578	(0.206453, 1.90138)
step: 1317	0.643066	(0.206767, 1.90231)
step: 1318	0.643555	(0.207081, 1.90323)
step: 1319	0.644043	(0.207396, 1.90416)
step: 1320	0.644531	(0.20771, 1.90509)
step: 1321	0.64502	(0.208025, 1.90602)
step: 1322	0.645508	(0.20834, 1.90696)
step: 1323	0.645996	(0.208655, 1.90789)
step: 1324	0.646484	(0.208971, 1.90882)
step: 1325	0.646973	(0.209287, 1.90975)
step: 1326	0.647461	(0.209603, 1.91068)
step: 1327	0.647949	(0.209919, 1.91162)
step: 1328	0.648438	(0.210236, 1.91255)
step: 1329	0.648926	(0.210552, 1.91348)
step: 1330	0.649414	(0.210869, 1.91442)
step: 1331	0.649902	(0.211187, 1.91535)
step: 1332	0.650391	(0.211504, 1.91629)
step: 1333	0.650879	(0.211822, 1.91723)
step: 1334	0.651367	(0.21214, 1.91816)
step: 1335	0.651855	(0.212458, 1.9191)
step: 1336	0.652344	(0.212776, 1.92004)
step: 1337	0.652832	(0.213095, 1.92097)
step: 1338	0.65332	(0.213414, 1.92191)
step: 1339	0.653809	(0.213733, 1.92285)
step: 1340	0.654297	(0.214052, 1.92379)
step: 1341	0.654785	(0.214372, 1.92473)
step: 1342	0.655273	(0.214692, 1.92567)
step: 1343	0.655762	(0.215012, 1.92661)
step: 1344	0.65625	(0.215332, 1.92755)
step: 1345	0.656738	(0.215653, 1.92849)
step: 1346	0.657227	(0.215973, 1.92943)
step: 1347	0.657715	(0.216294, 1.93038)
step: 1348	0.658203	(0.216616, 1.93132)
step: 1349	0.658691	(0.216937, 1.93226)
step: 1350	0.65918	(0.217259, 1.93321)
step: 1351	0.659668	(0.217581, 1.93415)
step: 1352	0.660156	(0.217903, 1.93509)
step: 1353	0.660645	(0.218226, 1.93604)
step: 1354	0.661133	(0.218548, 1.93699)
step: 1355	0.661621	(0.218871, 1.93793)
step: 1356	0.662109	(0.219194, 1.93888)
step: 1357	0.662598	(0.219518, 1.93982)
step: 1358	0.663086	(0.219841, 1.94077)
step: 1359	0.663574	(0.220165, 1.94172)
step: 1360	0.664063	(0.22049, 1.94267)
step: 1361	0.664551	(0.220814, 1.94362)
step: 1362	0.665039	(0.221138, 1.94457)
step: 1363	0.665527	(0.221463, 1.94552)
step: 1364	0.666016	(0.221788, 1.94647)
step: 1365	0.666504	(0.222114, 1.94742)
step: 1366	0.666992	(0.222439, 1.94837)
step: 1367	0.66748	(0.222765, 1.94932)
step: 1368	0.667969	(0.223091, 1.95027)
step: 1369	0.668457	(0.223417, 1.95122)
step: 1370	0.668945	(0.223744, 1.95218)
step: 1371	0.669434	(0.224071, 1.95313)
step: 1372	0.669922	(0.224398, 1.95408)
step: 1373	0.67041	(0.224725, 1.95504)
step: 1374	0.670898	(0.225052, 1.95599)
step: 1375	0.671387	(0.22538, 1.95695)
step: 1376	0.671875	(0.225708, 1.9579)
step: 1377	0.672363	(0.226036, 1.95886)
step: 1378	0.672852	(0.226365, 1.95982)
step: 1379	0.67334	(0.226693, 1.96078)
step: 1380	0.673828	(0.227022, 1.96173)
step: 1381	0.674316	(0.227351, 1.96269)
step: 1382	0.674805	(0.227681, 1.96365)
step: 1383	0.675293	(0.22801, 1.96461)
step: 1384	0.675781	(0.22834, 1.96557)
step: 1385	0.67627	(0.22867, 1.96653)
step: 1386	0.676758	(0.229001, 1.96749)
step: 1387	0.677246	(0.229331, 1.96845)
step: 1388	0.677734	(0.229662, 1.96941)
step: 1389	0.678223	(0.229993, 1.97037)
step: 1390	0.678711	(0.230324, 1.97133)
step: 1391	0.679199	(0.230656, 1.9723)
step: 1392	0.679688	(0.230988, 1.97326)
step: 1393	0.680176	(0.23132, 1.97422)
step: 1394	0.680664	(0.231652, 1.97519)
step: 1395	0.681152	(0.231984, 1.97615)
step: 1396	0.681641	(0.232317, 1.97712)
step: 1397	0.682129	(0.23265, 1.97808)
step: 1398	0.682617	(0.232983, 1.97905)
step: 1399	0.683105	(0.233317, 1.98002)
step: 1400	0.683594	(0.23365, 1.98098)
step: 1401	0.684082	(0.233984, 1.98195)
step: 1402	0.68457	(0.234318, 1.98292)
step: 1403	0.685059	(0.234653, 1.98389)
step: 1404	0.685547	(0.234987, 1.98486)
step: 1405	0.686035	(0.235322, 1.98583)
step: 1406	0.686523	(0.235657, 1.9868)
step: 1407	0.687012	(0.235993, 1.98777)
step: 1408	0.6875	(0.236328, 1.98874)
step: 1409	0.687988	(0.236664, 1.98971)
step: 1410	0.688477	(0.237, 1.99068)
step: 1411	0.688965	(0.237336, 1.99165)
step: 1412	0.689453	(0.237673, 1.99263)
step: 1413	0.689941	(0.23801, 1.9936)
step: 1414	0.69043	(0.238347, 1.99457)
step: 1415	0.690918	(0.238684, 1.99555)
step: 1416	0.691406	(0.239021, 1.99652)
step: 1417	0.691895	(0.239359, 1.9975)
step: 1418	0.692383	(0.239697, 1.99847)
step: 1419	0.692871	(0.240035, 1.99945)
step: 1420	0.693359	(0.240374, 2.00042)
step: 1421	0.693848	(0.240712, 2.0014)
step: 1422	0.694336	(0.241051, 2.00238)
step: 1423	0.694824	(0.24139, 2.00336)
step: 1424	0.695313	(0.24173, 2.00434)
step: 1425	0.695801	(0.242069, 2.00531)
step: 1426	0.696289	(0.242409, 2.00629)
step: 1427	0.696777	(0.242749, 2.00727)
step: 1428	0.697266	(0.24309, 2.00825)
step: 1429	0.697754	(0.24343, 2.00923)
step: 1430	0.698242	(0.243771, 2.01022)
step: 1431	0.69873	(0.244112, 2.0112)
step: 1432	0.699219	(0.244453, 2.01218)
step: 1433	0.699707	(0.244795, 2.01316)
step: 1434	0.700195	(0.245137, 2.01415)
step: 1435	0.700684	(0.245479, 2.01513)
step: 1436	0.701172	(0.245821, 2.01611)
step: 1437	0.70166	(0.246163, 2.0171)
step: 1438	0.702148	(0.246506, 2.01808)
step: 1439	0.702637	(0.246849, 2.01907)
step: 1440	0.703125	(0.247192, 2.02006)
step: 1441	0.703613	(0.247536, 2.02104)
step: 1442	0.704102	(0.24788, 2.02203)
step: 1443	0.70459	(0.248223, 2.02302)
step: 1444	0.705078	(0.248568, 2.024)
step: 1445	0.705566	(0.248912, 2.02499)
step: 1446	0.706055	(0.249257, 2.02598)
step: 1447	0.706543	(0.249601, 2.02697)
step: 1448	0.707031	(0.249947, 2.02796)
step: 1449	0.70752	(0.250292, 2.02895)
step: 1450	0.708008	(0.250638, 2.02994)
step: 1451	0.708496	(0.250983, 2.03093)
step: 1452	0.708984	(0.251329, 2.03193)
step: 1453	0.709473	(0.251676, 2.03292)
step: 1454	0.709961	(0.252022, 2.03391)
step: 1455	0.710449	(0.252369, 2.03491)
step: 1456	0.710938	(0.252716, 2.0359)
step: 1457	0.711426	(0.253063, 2.03689)
step: 1458	0.711914	(0.253411, 2.03789)
step: 1459	0.712402	(0.253759, 2.03888)
step: 1460	0.712891	(0.254107, 2.03988)
step: 1461	0.713379	(0.254455, 2.04088)
step: 1462	0.713867	(0.254803, 2.04187)
step: 1463	0.714355	(0.255152, 2.04287)
step: 1464	0.714844	(0.255501, 2.04387)
step: 1465	0.715332	(0.25585, 2.04487)
step: 1466	0.71582	(0.256199, 2.04586)
step: 1467	0.716309	(0.256549, 2.04686)
step: 1468	0.716797	(0.256899, 2.04786)
step: 1469	0.717285	(0.257249, 2.04886)
step: 1470	0.717773	(0.257599, 2.04986)
step: 1471	0.718262	(0.25795, 2.05087)
step: 1472	0.71875	(0.258301, 2.05187)
step: 1473	0.719238	(0.258652, 2.05287)
step: 1474	0.719727	(0.259003, 2.05387)
step: 1475	0.720215	(0.259355, 2.05487)
step: 1476	0.720703	(0.259706, 2.05588)
step: 1477	0.721191	(0.260059, 2.05688)
step: 1478	0.72168	(0.260411, 2.05789)
step: 1479	0.722168	(0.260763, 2.05889)
step: 1480	0.722656	(0.261116, 2.0599)
step: 1481	0.723145	(0.261469, 2.0609)
step: 1482	0.723633	(0.261822, 2.06191)
step: 1483	0.724121	(0.262176, 2.06292)
step: 1484	0.724609	(0.262529, 2.06392)
step: 1485	0.725098	(0.262883, 2.06493)
step: 1486	0.725586	(0.263237, 2.06594)
step: 1487	0.726074	(0.263592, 2.06695)
step: 1488	0.726563	(0.263947, 2.06796)
step: 1489	0.727051	(0.264301, 2.06897)
step: 1490	0.727539	(0.264657, 2.06998)
step: 1491	0.728027	(0.265012, 2.07099)
step: 1492	0.728516	(0.265368, 2.072)
step: 1493	0.729004	(0.265723, 2.07301)
step: 1494	0.729492	(0.266079, 2.07403)
step: 1495	0.72998	(0.266436, 2.07504)
step: 1496	0.730469	(0.266792, 2.07605)
step: 1497	0.730957	(0.267149, 2.07707)
step: 1498	0.731445	(0.267506, 2.07808)
step: 1499	0.731934	(0.267863, 2.0791)
step: 1500	0.732422	(0.268221, 2.08011)
step: 1501	0.73291	(0.268579, 2.08113)
step: 1502	0.733398	(0.268937, 2.08214)
step: 1503	0.733887	(0.269295, 2.08316)
step: 1504	0.734375	(0.269653, 2.08418)
step: 1505	0.734863	(0.270012, 2.0852)
step: 1506	0.735352	(0.270371, 2.08622)
step: 1507	0.73584	(0.27073, 2.08723)
step: 1508	0.736328	(0.27109, 2.08825)
step: 1509	0.736816	(0.271449, 2.08927)
step: 1510	0.737305	(0.271809, 2.09029)
step: 1511	0.737793	(0.272169, 2.09131)
step: 1512	0.738281	(0.27253, 2.09234)
step: 1513	0.73877	(0.27289, 2.09336)
step: 1514	0.739258	(0.273251, 2.09438)
step: 1515	0.739746	(0.273612, 2.0954)
step: 1516	0.740234	(0.273973, 2.09643)
step: 1517	0.740723	(0.274335, 2.09745)
step: 1518	0.741211	(0.274697, 2.09848)
step: 1519	0.741699	(0.275059, 2.0995)
step: 1520	0.742188	(0.275421, 2.10053)
step: 1521	0.742676	(0.275784, 2.10155)
step: 1522	0.743164	(0.276146, 2.10258)
step: 1523	0.743652	(0.276509, 2.1036)
step: 1524	0.744141	(0.276873, 2.10463)
step: 1525	0.744629	(0.277236, 2.10566)
step: 1526	0.745117	(0.2776, 2.10669)
step: 1527	0.745605	(0.277964, 2.10772)
step: 1528	0.746094	(0.278328, 2.10875)
step: 1529	0.746582	(0.278692, 2.10978)
step: 1530	0.74707	(0.279057, 2.11081)
step: 1531	0.747559	(0.279422, 2.11184)
step: 1532	0.748047	(0.279787, 2.11287)
step: 1533	0.748535	(0.280152, 2.1139)
step: 1534	0.749023	(0.280518, 2.11493)
step: 1535	0.749512	(0.280884, 2.11597)
step: 1536	0.75	(0.28125, 2.117)
step: 1537	0.750488	(0.281616, 2.11803)
step: 1538	0.750977	(0.281983, 2.11907)
step: 1539	0.751465	(0.28235, 2.1201)
step: 1540	0.751953	(0.282717, 2.12114)
step: 1541	0.752441	(0.283084, 2.12217)
step: 1542	0.75293	(0.283452, 2.12321)
step: 1543	0.753418	(0.283819, 2.12425)
step: 1544	0.753906	(0.284187, 2.12529)
step: 1545	0.754395	(0.284556, 2.12632)
step: 1546	0.754883	(0.284924, 2.12736)
step: 1547	0.755371	(0.285293, 2.1284)
step: 1548	0.755859	(0.285662, 2.12944)
step: 1549	0.756348	(0.286031, 2.13048)
step: 1550	0.756836	(0.2864, 2.13152)
step: 1551	0.757324	(0.28677, 2.13256)
step: 1552	0.757813	(0.28714, 2.1336)
step: 1553	0.758301	(0.28751, 2.13465)
step: 1554	0.758789	(0.28788, 2.13569)
step: 1555	0.759277	(0.288251, 2.13673)
step: 1556	0.759766	(0.288622, 2.13778)
step: 1557	0.760254	(0.288993, 2.13882)
step: 1558	0.760742	(0.289364, 2.13986)
step: 1559	0.76123	(0.289736, 2.14091)
step: 1560	0.761719	(0.290108, 2.14195)
step: 1561	0.762207	(0.29048, 2.143)
step: 1562	0.762695	(0.290852, 2.14405)
step: 1563	0.763184	(0.291225, 2.14509)
step: 1564	0.763672	(0.291597, 2.14614)
step: 1565	0.76416	(0.29197, 2.14719)
step: 1566	0.764648	(0.292344, 2.14824)
step: 1567	0.765137	(0.292717, 2.14929)
step: 1568	0.765625	(0.293091, 2.15034)
step: 1569	0.766113	(0.293465, 2.15139)
step: 1570	0.766602	(0.293839, 2.15244)
step: 1571	0.76709	(0.294213, 2.15349)
step: 1572	0.767578	(0.294588, 2.15454)
step: 1573	0.768066	(0.294963, 2.15559)
step: 1574	0.768555	(0.295338, 2.15665)
step: 1575	0.769043	(0.295714, 2.1577)
step: 1576	0.769531	(0.296089, 2.15875)
step: 1577	0.77002	(0.296465, 2.15981)
step: 1578	0.770508	(0.296841, 2.16086)
step: 1579	0.770996	(0.297217, 2.16192)
step: 1580	0.771484	(0.297594, 2.16297)
step: 1581	0.771973	(0.297971, 2.16403)
step: 1582	0.772461	(0.298348, 2.16509)
step: 1583	0.772949	(0.298725, 2.16615)
step: 1584	0.773438	(0.299103, 2.1672)
step: 1585	0.773926	(0.299481, 2.16826)
step: 1586	0.774414	(0.299859, 2.16932)
step: 1587	0.774902	(0.300237, 2.17038)
step: 1588	0.775391	(0.300615, 2.17144)
step: 1589	0.775879	(0.300994, 2.1725)
step: 1590	0.776367	(0.301373, 2.17356)
step: 1591	0.776855	(0.301752, 2.17462)
step: 1592	0.777344	(0.302132, 2.17569)
step: 1593	0.777832	(0.302511, 2.17675)
step: 1594	0.77832	(0.302891, 2.17781)
step: 1595	0.778809	(0.303271, 2.17887)
step: 1596	0.779297	(0.303652, 2.17994)
step: 1597	0.779785	(0.304032, 2.181)
step: 1598	0.780273	(0.304413, 2.18207)
step: 1599	0.780762	(0.304794, 2.18313)
step: 1600	0.78125	(0.305176, 2.1842)
step: 1601	0.781738	(0.305557, 2.18527)
step: 1602	0.782227	(0.305939, 2.18633)
step: 1603	0.782715	(0.306321, 2.1874)
step: 1604	0.783203	(0.306704, 2.18847)
step: 1605	0.783691	(0.307086, 2.18954)
step: 1606	0.78418	(0.307469, 2.19061)
step: 1607	0.784668	(0.307852, 2.19168)
step: 1608	0.785156	(0.308235, 2.19275)
step: 1609	0.785645	(0.308619, 2.19382)
step: 1610	0.786133	(0.309002, 2.19489)
step: 1611	0.786621	(0.309386, 2.19596)
step: 1612	0.787109	(0.309771, 2.19704)
step: 1613	0.787598	(0.310155, 2.19811)
step: 1614	0.788086	(0.31054, 2.19918)
step: 1615	0.788574	(0.310925, 2.20026)
step: 1616	0.789063	(0.31131, 2.20133)
step: 1617	0.789551	(0.311695, 2.20241)
step: 1618	0.790039	(0.312081, 2.20348)
step: 1619	0.790527	(0.312467, 2.20456)
step: 1620	0.791016	(0.312853, 2.20564)
step: 1621	0.791504	(0.313239, 2.20671)
step: 1622	0.791992	(0.313626, 2.20779)
step: 1623	0.79248	(0.314013, 2.20887)
step: 1624	0.792969	(0.3144, 2.20995)
step: 1625	0.793457	(0.314787, 2.21103)
step: 1626	0.793945	(0.315175, 2.21211)
step: 1627	0.794434	(0.315562, 2.21319)
step: 1628	0.794922	(0.31595, 2.21427)
step: 1629	0.79541	(0.316339, 2.21535)
step: 1630	0.795898	(0.316727, 2.21643)
step: 1631	0.796387	(0.317116, 2.21751)
step: 1632	0.796875	(0.317505, 2.2186)
step: 1633	0.797363	(0.317894, 2.21968)
step: 1634	0.797852	(0.318284, 2.22076)
step: 1635	0.79834	(0.318673, 2.22185)
step: 1636	0.798828	(0.319063, 2.22293)
step: 1637	0.799316	(0.319453, 2.22402)
step: 1638	0.799805	(0.319844, 2.22511)
step: 1639	0.800293	(0.320234, 2.22619)
step: 1640	0.800781	(0.320625, 2.22728)
step: 1641	0.80127	(0.321016, 2.22837)
step: 1642	0.801758	(0.321408, 2.22946)
step: 1643	0.802246	(0.321799, 2.23055)
step: 1644	0.802734	(0.322191, 2.23163)
step: 1645	0.803223	(0.322583, 2.23272)
step: 1646	0.803711	(0.322976, 2.23382)
step: 1647	0.804199	(0.323368, 2.23491)
step: 1648	0.804688	(0.323761, 2.236)
step: 1649	0.805176	(0.324154, 2.23709)
step: 1650	0.805664	(0.324547, 2.23818)
step: 1651	0.806152	(0.324941, 2.23928)
step: 1652	0.806641	(0.325335, 2.24037)
step: 1653	0.807129	(0.325729, 2.24146)
step: 1654	0.807617	(0.326123, 2.24256)
step: 1655	0.808105	(0.326517, 2.24365)
step: 1656	0.808594	(0.326912, 2.24475)
step: 1657	0.809082	(0.327307, 2.24585)
step: 1658	0.80957	(0.327702, 2.24694)
step: 1659	0.810059	(0.328097, 2.24804)
step: 1660	0.810547	(0.328493, 2.24914)
step: 1661	0.811035	(0.328889, 2.25024)
step: 1662	0.811523	(0.329285, 2.25134)
step: 1663	0.812012	(0.329682, 2.25243)
step: 1664	0.8125	(0.330078, 2.25353)
step: 1665	0.812988	(0.330475, 2.25464)
step: 1666	0.813477	(0.330872, 2.25574)
step: 1667	0.813965	(0.331269, 2.25684)
step: 1668	0.814453	(0.331667, 2.25794)
step: 1669	0.814941	(0.332065, 2.25904)
step: 1670	0.81543	(0.332463, 2.26015)
step: 1671	0.815918	(0.332861, 2.26125)
step: 1672	0.816406	(0.33326, 2.26235)
step: 1673	0.816895	(0.333658, 2.26346)
step: 1674	0.817383	(0.334057, 2.26457)
step: 1675	0.817871	(0.334457, 2.26567)
step: 1676	0.818359	(0.334856, 2.26678)
step: 1677	0.818848	(0.335256, 2.26788)
step: 1678	0.819336	(0.335656, 2.26899)
step: 1679	0.819824	(0.336056, 2.2701)
step: 1680	0.820313	(0.336456, 2.27121)
step: 1681	0.820801	(0.336857, 2.27232)
step: 1682	0.821289	(0.337258, 2.27343)
step: 1683	0.821777	(0.337659, 2.27454)
step: 1684	0.822266	(0.33806, 2.27565)
step: 1685	0.822754	(0.338462, 2.27676)
step: 1686	0.823242	(0.338864, 2.27787)
step: 1687	0.82373	(0.339266, 2.27899)
step: 1688	0.824219	(0.339668, 2.2801)
step: 1689	0.824707	(0.340071, 2.28121)
step: 1690	0.825195	(0.340474, 2.28233)
step: 1691	0.825684	(0.340877, 2.28344)
step: 1692	0.826172	(0.34128, 2.28456)
step: 1693	0.82666	(0.341684, 2.28567)
step: 1694	0.827148	(0.342087, 2.28679)
step: 1695	0.827637	(0.342491, 2.28791)
step: 1696	0.828125	(0.342896, 2.28902)
step: 1697	0.828613	(0.3433, 2.29014)
step: 1698	0.829102	(0.343705, 2.29126)
step: 1699	0.82959	(0.34411, 2.29238)
step: 1700	0.830078	(0.344515, 2.2935)
step: 1701	0.830566	(0.34492, 2.29462)
step: 1702	0.831055	(0.345326, 2.29574)
step: 1703	0.831543	(0.345732, 2.29686)
step: 1704	0.832031	(0.346138, 2.29798)
step: 1705	0.83252	(0.346544, 2.2991)
step: 1706	0.833008	(0.346951, 2.30023)
step: 1707	0.833496	(0.347358, 2.30135)
step: 1708	0.833984	(0.347765, 2.30247)
step: 1709	0.834473	(0.348172, 2.3036)
step: 1710	0.834961	(0.34858, 2.30472)
step: 1711	0.835449	(0.348988, 2.30585)
step: 1712	0.835938	(0.349396, 2.30698)
step: 1713	0.836426	(0.349804, 2.3081)
step: 1714	0.836914	(0.350213, 2.30923)
step: 1715	0.837402	(0.350621, 2.31036)
step: 1716	0.837891	(0.35103, 2.31149)
step: 1717	0.838379	(0.35144, 2.31261)
step: 1718	0.838867	(0.351849, 2.31374)
step: 1719	0.839355	(0.352259, 2.31487)
step: 1720	0.839844	(0.352669, 2.31601)
step: 1721	0.840332	(0.353079, 2.31714)
step: 1722	0.84082	(0.353489, 2.31827)
step: 1723	0.841309	(0.3539, 2.3194)
step: 1724	0.841797	(0.354311, 2.32053)
step: 1725	0.842285	(0.354722, 2.32167)
step: 1726	0.842773	(0.355134, 2.3228)
step: 1727	0.843262	(0.355545, 2.32393)
step: 1728	0.84375	(0.355957, 2.32507)
step: 1729	0.844238	(0.356369, 2.32621)
step: 1730	0.844727	(0.356781, 2.32734)
step: 1731	0.845215	(0.357194, 2.32848)
step: 1732	0.845703	(0.357607, 2.32962)
step: 1733	0.846191	(0.35802, 2.33075)
step: 1734	0.84668	(0.358433, 2.33189)
step: 1735	0.847168	(0.358847, 2.33303)
step: 1736	0.847656	(0.359261, 2.33417)
step: 1737	0.848145	(0.359675, 2.33531)
step: 1738	0.848633	(0.360089, 2.33645)
step: 1739	0.849121	(0.360503, 2.33759)
step: 1740	0.849609	(0.360918, 2.33873)
step: 1741	0.850098	(0.361333, 2.33988)
step: 1742	0.850586	(0.361748, 2.34102)
step: 1743	0.851074	(0.362164, 2.34216)
step: 1744	0.851563	(0.362579, 2.34331)
step: 1745	0.852051	(0.362995, 2.34445)
step: 1746	0.852539	(0.363411, 2.34559)
step: 1747	0.853027	(0.363828, 2.34674)
step: 1748	0.853516	(0.364244, 2.34789)
step: 1749	0.854004	(0.364661, 2.34903)
step: 1750	0.854492	(0.365078, 2.35018)
step: 1751	0.85498	(0.365496, 2.35133)
step: 1752	0.855469	(0.365913, 2.35248)
step: 1753	0.855957	(0.366331, 2.35363)
step: 1754	0.856445	(0.366749, 2.35478)
step: 1755	0.856934	(0.367168, 2.35593)
step: 1756	0.857422	(0.367586, 2.35708)
step: 1757	0.85791	(0.368005, 2.35823)
step: 1758	0.858398	(0.368424, 2.35938)
step: 1759	0.858887	(0.368843, 2.36053)
step: 1760	0.859375	(0.369263, 2.36168)
step: 1761	0.859863	(0.369682, 2.36284)
step: 1762	0.860352	(0.370102, 2.36399)
step: 1763	0.86084	(0.370523, 2.36515)
step: 1764	0.861328	(0.370943, 2.3663)
step: 1765	0.861816	(0.371364, 2.36746)
step: 1766	0.862305	(0.371785, 2.36861)
step: 1767	0.862793	(0.372206, 2.36977)
step: 1768	0.863281	(0.372627, 2.37093)
step: 1769	0.86377	(0.373049, 2.37209)
step: 1770	0.864258	(0.373471, 2.37324)
step: 1771	0.864746	(0.373893, 2.3744)
step: 1772	0.865234	(0.374315, 2.37556)
step: 1773	0.865723	(0.374738, 2.37672)
step: 1774	0.866211	(0.375161, 2.37788)
step: 1775	0.866699	(0.375584, 2.37905)
step: 1776	0.867188	(0.376007, 2.38021)
step: 1777	0.867676	(0.376431, 2.38137)
step: 1778	0.868164	(0.376854, 2.38253)
step: 1779	0.868652	(0.377278, 2.3837)
step: 1780	0.869141	(0.377703, 2.38486)
step: 1781	0.869629	(0.378127, 2.38603)
step: 1782	0.870117	(0.378552, 2.38719)
step: 1783	0.870605	(0.378977, 2.38836)
step: 1784	0.871094	(0.379402, 2.38952)
step: 1785	0.871582	(0.379828, 2.39069)
step: 1786	0.87207	(0.380253, 2.39186)
step: 1787	0.872559	(0.380679, 2.39303)
step: 1788	0.873047	(0.381105, 2.39419)
step: 1789	0.873535	(0.381532, 2.39536)
step: 1790	0.874023	(0.381958, 2.39653)
step: 1791	0.874512	(0.382385, 2.3977)
step: 1792	0.875	(0.382813, 2.39888)
step: 1793	0.875488	(0.38324, 2.40005)
step: 1794	0.875977	(0.383667, 2.40122)
step: 1795	0.876465	(0.384095, 2.40239)
step: 1796	0.876953	(0.384523, 2.40357)
step: 1797	0.877441	(0.384952, 2.40474)
step: 1798	0.87793	(0.38538, 2.40591)
step: 1799	0.878418	(0.385809, 2.40709)
step: 1800	0.878906	(0.386238, 2.40826)
step: 1801	0.879395	(0.386667, 2.40944)
step: 1802	0.879883	(0.387097, 2.41062)
step: 1803	0.880371	(0.387527, 2.41179)
step: 1804	0.880859	(0.387957, 2.41297)
step: 1805	0.881348	(0.388387, 2.41415)
step: 1806	0.881836	(0.388817, 2.41533)
step: 1807	0.882324	(0.389248, 2.41651)
step: 1808	0.882813	(0.389679, 2.41769)
step: 1809	0.883301	(0.39011, 2.41887)
step: 1810	0.883789	(0.390542, 2.42005)
step: 1811	0.884277	(0.390973, 2.42123)
step: 1812	0.884766	(0.391405, 2.42242)
step: 1813	0.885254	(0.391837, 2.4236)
step: 1814	0.885742	(0.39227, 2.42478)
step: 1815	0.88623	(0.392702, 2.42597)
step: 1816	0.886719	(0.393135, 2.42715)
step: 1817	0.887207	(0.393568, 2.42834)
step: 1818	0.887695	(0.394001, 2.42952)
step: 1819	0.888184	(0.394435, 2.43071)
step: 1820	0.888672	(0.394869, 2.4319)
step: 1821	0.88916	(0.395303, 2.43309)
step: 1822	0.889648	(0.395737, 2.43427)
step: 1823	0.890137	(0.396172, 2.43546)
step: 1824	0.890625	(0.396606, 2.43665)
step: 1825	0.891113	(0.397041, 2.43784)
step: 1826	0.891602	(0.397477, 2.43903)
step: 1827	0.89209	(0.397912, 2.44022)
step: 1828	0.892578	(0.398348, 2.44142)
step: 1829	0.893066	(0.398784, 2.44261)
step: 1830	0.893555	(0.39922, 2.4438)
step: 1831	0.894043	(0.399656, 2.44499)
step: 1832	0.894531	(0.400093, 2.44619)
step: 1833	0.89502	(0.40053, 2.44738)
step: 1834	0.895508	(0.400967, 2.44858)
step: 1835	0.895996	(0.401405, 2.44977)
step: 1836	0.896484	(0.401842, 2.45097)
step: 1837	0.896973	(0.40228, 2.45217)
step: 1838	0.897461	(0.402718, 2.45337)
step: 1839	0.897949	(0.403156, 2.45456)
step: 1840	0.898438	(0.403595, 2.45576)
step: 1841	0.898926	(0.404034, 2.45696)
step: 1842	0.899414	(0.404473, 2.45816)
step: 1843	0.899902	(0.404912, 2.45936)
step: 1844	0.900391	(0.405352, 2.46056)
step: 1845	0.900879	(0.405791, 2.46177)
step: 1846	0.901367	(0.406231, 2.46297)
step: 1847	0.901855	(0.406672, 2.46417)
step: 1848	0.902344	(0.407112, 2.46537)
step: 1849	0.902832	(0.407553, 2.46658)
step: 1850	0.90332	(0.407994, 2.46778)
step: 1851	0.903809	(0.408435, 2.46899)
step: 1852	0.904297	(0.408876, 2.47019)
step: 1853	0.904785	(0.409318, 2.4714)
step: 1854	0.905273	(0.40976, 2.47261)
step: 1855	0.905762	(0.410202, 2.47382)
step: 1856	0.90625	(0.410645, 2.47502)
step: 1857	0.906738	(0.411087, 2.47623)
step: 1858	0.907227	(0.41153, 2.47744)
step: 1859	0.907715	(0.411973, 2.47865)
step: 1860	0.908203	(0.412416, 2.47986)
step: 1861	0.908691	(0.41286, 2.48107)
step: 1862	0.90918	(0.413304, 2.48229)
step: 1863	0.909668	(0.413748, 2.4835)
step: 1864	0.910156	(0.414192, 2.48471)
step: 1865	0.910645	(0.414637, 2.48592)
step: 1866	0.911133	(0.415082, 2.48714)
step: 1867	0.911621	(0.415527, 2.48835)
step: 1868	0.912109	(0.415972, 2.48957)
step: 1869	0.912598	(0.416417, 2.49078)
step: 1870	0.913086	(0.416863, 2.492)
step: 1871	0.913574	(0.417309, 2.49322)
step: 1872	0.914063	(0.417755, 2.49444)
step: 1873	0.914551	(0.418202, 2.49565)
step: 1874	0.915039	(0.418648, 2.49687)
step: 1875	0.915527	(0.419095, 2.49809)
step: 1876	0.916016	(0.419542, 2.49931)
step: 1877	0.916504	(0.41999, 2.50053)
step: 1878	0.916992	(0.420437, 2.50175)
step: 1879	0.91748	(0.420885, 2.50298)
step: 1880	0.917969	(0.421333, 2.5042)
step: 1881	0.918457	(0.421782, 2.50542)
step: 1882	0.918945	(0.42223, 2.50665)
step: 1883	0.919434	(0.422679, 2.50787)
step: 1884	0.919922	(0.423128, 2.50909)
step: 1885	0.92041	(0.423577, 2.51032)
step: 1886	0.920898	(0.424027, 2.51155)
step: 1887	0.921387	(0.424477, 2.51277)
step: 1888	0.921875	(0.424927, 2.514)
step: 1889	0.922363	(0.425377, 2.51523)
step: 1890	0.922852	(0.425828, 2.51646)
step: 1891	0.92334	(0.426278, 2.51769)
step: 1892	0.923828	(0.426729, 2.51891)
step: 1893	0.924316	(0.42718, 2.52014)
step: 1894	0.924805	(0.427632, 2.52138)
step: 1895	0.925293	(0.428084, 2.52261)
step: 1896	0.925781	(0.428535, 2.52384)
step: 1897	0.92627	(0.428988, 2.52507)
step: 1898	0.926758	(0.42944, 2.52631)
step: 1899	0.927246	(0.429893, 2.52754)
step: 1900	0.927734	(0.430346, 2.52877)
step: 1901	0.928223	(0.430799, 2.53001)
step: 1902	0.928711	(0.431252, 2.53124)
step: 1903	0.929199	(0.431706, 2.53248)
step: 1904	0.929688	(0.432159, 2.53372)
step: 1905	0.930176	(0.432613, 2.53495)
step: 1906	0.930664	(0.433068, 2.53619)
step: 1907	0.931152	(0.433522, 2.53743)
step: 1908	0.931641	(0.433977, 2.53867)
step: 1909	0.932129	(0.434432, 2.53991)
step: 1910	0.932617	(0.434887, 2.54115)
step: 1911	0.933105	(0.435343, 2.54239)
step: 1912	0.933594	(0.435799, 2.54363)
step: 1913	0.934082	(0.436255, 2.54488)
step: 1914	0.93457	(0.436711, 2.54612)
step: 1915	0.935059	(0.437167, 2.54736)
step: 1916	0.935547	(0.437624, 2.54861)
step: 1917	0.936035	(0.438081, 2.54985)
step: 1918	0.936523	(0.438538, 2.5511)
step: 1919	0.937012	(0.438995, 2.55234)
step: 1920	0.9375	(0.439453, 2.55359)
step: 1921	0.937988	(0.439911, 2.55484)
step: 1922	0.938477	(0.440369, 2.55608)
step: 1923	0.938965	(0.440827, 2.55733)
step: 1924	0.939453	(0.441286, 2.55858)
step: 1925	0.939941	(0.441745, 2.55983)
step: 1926	0.94043	(0.442204, 2.56108)
step: 1927	0.940918	(0.442663, 2.56233)
step: 1928	0.941406	(0.443123, 2.56358)
step: 1929	0.941895	(0.443583, 2.56484)
step: 1930	0.942383	(0.444043, 2.56609)
step: 1931	0.942871	(0.444503, 2.56734)
step: 1932	0.943359	(0.444963, 2.5686)
step: 1933	0.943848	(0.445424, 2.56985)
step: 1934	0.944336	(0.445885, 2.57111)
step: 1935	0.944824	(0.446346, 2.57236)
step: 1936	0.945313	(0.446808, 2.57362)
step: 1937	0.945801	(0.44727, 2.57487)
step: 1938	0.946289	(0.447731, 2.57613)
step: 1939	0.946777	(0.448194, 2.57739)
step: 1940	0.947266	(0.448656, 2.57865)
step: 1941	0.947754	(0.449119, 2.57991)
step: 1942	0.948242	(0.449582, 2.58117)
step: 1943	0.94873	(0.450045, 2.58243)
step: 1944	0.949219	(0.450508, 2.58369)
step: 1945	0.949707	(0.450972, 2.58495)
step: 1946	0.950195	(0.451436, 2.58621)
step: 1947	0.950684	(0.4519, 2.58748)
step: 1948	0.951172	(0.452364, 2.58874)
step: 1949	0.95166	(0.452829, 2.59001)
step: 1950	0.952148	(0.453293, 2.59127)
step: 1951	0.952637	(0.453758, 2.59254)
step: 1952	0.953125	(0.454224, 2.5938)
step: 1953	0.953613	(0.454689, 2.59507)
step: 1954	0.954102	(0.455155, 2.59634)
step: 1955	0.95459	(0.455621, 2.5976)
step: 1956	0.955078	(0.456087, 2.59887)
step: 1957	0.955566	(0.456554, 2.60014)
step: 1958	0.956055	(0.45702, 2.60141)
step: 1959	0.956543	(0.457487, 2.60268)
step: 1960	0.957031	(0.457954, 2.60395)
step: 1961	0.95752	(0.458422, 2.60523)
step: 1962	0.958008	(0.458889, 2.6065)
step: 1963	0.958496	(0.459357, 2.60777)
step: 1964	0.958984	(0.459826, 2.60905)
step: 1965	0.959473	(0.460294, 2.61032)
step: 1966	0.959961	(0.460763, 2.61159)
step: 1967	0.960449	(0.461231, 2.61287)
step: 1968	0.960938	(0.4617, 2.61415)
step: 1969	0.961426	(0.46217, 2.61542)
step: 1970	0.961914	(0.462639, 2.6167)
step: 1971	0.962402	(0.463109, 2.61798)
step: 1972	0.962891	(0.463579, 2.61926)
step: 1973	0.963379	(0.464049, 2.62054)
step: 1974	0.963867	(0.46452, 2.62182)
step: 1975	0.964355	(0.464991, 2.6231)
step: 1976	0.964844	(0.465462, 2.62438)
step: 1977	0.965332	(0.465933, 2.62566)
step: 1978	0.96582	(0.466404, 2.62694)
step: 1979	0.966309	(0.466876, 2.62822)
step: 1980	0.966797	(0.467348, 2.62951)
step: 1981	0.967285	(0.46782, 2.63079)
step: 1982	0.967773	(0.468293, 2.63208)
step: 1983	0.968262	(0.468765, 2.63336)
step: 1984	0.96875	(0.469238, 2.63465)
step: 1985	0.969238	(0.469711, 2.63594)
step: 1986	0.969727	(0.470185, 2.63722)
step: 1987	0.970215	(0.470658, 2.63851)
step: 1988	0.970703	(0.471132, 2.6398)
step: 1989	0.971191	(0.471606, 2.64109)
step: 1990	0.97168	(0.472081, 2.64238)
step: 1991	0.972168	(0.472555, 2.64367)
step: 1992	0.972656	(0.47303, 2.64496)
step: 1993	0.973145	(0.473505, 2.64625)
step: 1994	0.973633	(0.47398, 2.64755)
step: 1995	0.974121	(0.474456, 2.64884)
step: 1996	0.974609	(0.474932, 2.65013)
step: 1997	0.975098	(0.475408, 2.65143)
step: 1998	0.975586	(0.475884, 2.65272)
step: 1999	0.976074	(0.47636, 2.65402)
step: 2000	0.976563	(0.476837, 2.65531)
step: 2001	0.977051	(0.477314, 2.65661)
step: 2002	0.977539	(0.477791, 2.65791)
step: 2003	0.978027	(0.478269, 2.65921)
step: 2004	0.978516	(0.478746, 2.6605)
step: 2005	0.979004	(0.479224, 2.6618)
step: 2006	0.979492	(0.479702, 2.6631)
step: 2007	0.97998	(0.480181, 2.6644)
step: 2008	0.980469	(0.480659, 2.66571)
step: 2009	0.980957	(0.481138, 2.66701)
step: 2010	0.981445	(0.481617, 2.66831)
step: 2011	0.981934	(0.482097, 2.66961)
step: 2012	0.982422	(0.482576, 2.67092)
step: 2013	0.98291	(0.483056, 2.67222)
step: 2014	0.983398	(0.483536, 2.67353)
step: 2015	0.983887	(0.484017, 2.67483)
step: 2016	0.984375	(0.484497, 2.67614)
step: 2017	0.984863	(0.484978, 2.67745)
step: 2018	0.985352	(0.485459, 2.67875)
step: 2019	0.98584	(0.48594, 2.68006)
step: 2020	0.986328	(0.486422, 2.68137)
step: 2021	0.986816	(0.486903, 2.68268)
step: 2022	0.987305	(0.487385, 2.68399)
step: 2023	0.987793	(0.487867, 2.6853)
step: 2024	0.988281	(0.48835, 2.68661)
step: 2025	0.98877	(0.488833, 2.68793)
step: 2026	0.989258	(0.489316, 2.68924)
step: 2027	0.989746	(0.489799, 2.69055)
step: 2028	0.990234	(0.490282, 2.69187)
step: 2029	0.990723	(0.490766, 2.69318)
step: 2030	0.991211	(0.49125, 2.6945)
step: 2031	0.991699	(0.491734, 2.69581)
step: 2032	0.992188	(0.492218, 2.69713)
step: 2033	0.992676	(0.492703, 2.69845)
step: 2034	0.993164	(0.493187, 2.69976)
step: 2035	0.993652	(0.493672, 2.70108)
step: 2036	0.994141	(0.494158, 2.7024)
step: 2037	0.994629	(0.494643, 2.70372)
step: 2038	0.995117	(0.495129, 2.70504)
step: 2039	0.995605	(0.495615, 2.70636)
step: 2040	0.996094	(0.496101, 2.70768)
step: 2041	0.996582	(0.496588, 2.70901)
step: 2042	0.99707	(0.497075, 2.71033)
step: 2043	0.997559	(0.497562, 2.71165)
step: 2044	0.998047	(0.498049, 2.71298)
step: 2045	0.998535	(0.498536, 2.7143)
step: 2046	0.999023	(0.499024, 2.71563)
step: 2047	0.999512	(0.499512, 2.71695)
step: 2048	1	(0.5, 2.71828)
