step: 0	0	(0, 1)
step: 1	0.0526316	(0.00138504, 1.05404)
step: 2	0.105263	(0.00554017, 1.111)
step: 3	0.157895	(0.0124654, 1.17104)
step: 4	0.210526	(0.0221607, 1.23433)
step: 5	0.263158	(0.034626, 1.30103)
step: 6	0.315789	(0.0498615, 1.37134)
step: 7	0.368421	(0.067867, 1.44545)
step: 8	0.421053	(0.0886427, 1.52356)
step: 9	0.473684	(0.112188, 1.6059)
step: 10	0.526316	(0.138504, 1.69268)
step: 11	0.578947	(0.16759, 1.78416)
step: 12	0.631579	(0.199446, 1.88058)
step: 13	0.684211	(0.234072, 1.98221)
step: 14	0.736842	(0.271468, 2.08933)
step: 15	0.789474	(0.311634, 2.20224)
step: 16	0.842105	(0.354571, 2.32125)
step: 17	0.894737	(0.400277, 2.44669)
step: 18	0.947368	(0.448753, 2.57891)
step: 19	1	(0.5, 2.71828)
