step: 0	0	(0, 1)
step: 1	0.00625	(1.95313e-05, 1.00627)
step: 2	0.0125	(7.8125e-05, 1.01258)
step: 3	0.01875	(0.000175781, 1.01893)
step: 4	0.025	(0.0003125, 1.02532)
step: 5	0.03125	(0.000488281, 1.03174)
step: 6	0.0375	(0.000703125, 1.03821)
step: 7	0.04375	(0.000957031, 1.04472)
step: 8	0.05	(0.00125, 1.05127)
step: 9	0.05625	(0.00158203, 1.05786)
step: 10	0.0625	(0.00195313, 1.06449)
step: 11	0.06875	(0.00236328, 1.07117)
step: 12	0.075	(0.0028125, 1.07788)
step: 13	0.08125	(0.00330078, 1.08464)
step: 14	0.0875	(0.00382813, 1.09144)
step: 15	0.09375	(0.00439453, 1.09829)
step: 16	0.1	(0.005, 1.10517)
step: 17	0.10625	(0.00564453, 1.1121)
step: 18	0.1125	(0.00632813, 1.11907)
step: 19	0.11875	(0.00705078, 1.12609)
step: 20	0.125	(0.0078125, 1.13315)
step: 21	0.13125	(0.00861328, 1.14025)
step: 22	0.1375	(0.00945312, 1.1474)
step: 23	0.14375	(0.010332, 1.1546)
step: 24	0.15	(0.01125, 1.16183)
step: 25	0.15625	(0.012207, 1.16912)
step: 26	0.1625	(0.0132031, 1.17645)
step: 27	0.16875	(0.0142383, 1.18382)
step: 28	0.175	(0.0153125, 1.19125)
step: 29	0.18125	(0.0164258, 1.19871)
step: 30	0.1875	(0.0175781, 1.20623)
step: 31	0.19375	(0.0187695, 1.21379)
step: 32	0.2	(0.02, 1.2214)
step: 33	0.20625	(0.0212695, 1.22906)
step: 34	0.2125	(0.0225781, 1.23677)
step: 35	0.21875	(0.0239258, 1.24452)
step: 36	0.225	(0.0253125, 1.25232)
step: 37	0.23125	(0.0267383, 1.26017)
step: 38	0.2375	(0.0282031, 1.26807)
step: 39	0.24375	(0.029707, 1.27603)
step: 40	0.25	(0.03125, 1.28403)
step: 41	0.25625	(0.032832, 1.29208)
step: 42	0.2625	(0.0344531, 1.30018)
step: 43	0.26875	(0.0361133, 1.30833)
step: 44	0.275	(0.0378125, 1.31653)
step: 45	0.28125	(0.0395508, 1.32478)
step: 46	0.2875	(0.0413281, 1.33309)
step: 47	0.29375	(0.0431445, 1.34145)
step: 48	0.3	(0.045, 1.34986)
step: 49	0.30625	(0.0468945, 1.35832)
step: 50	0.3125	(0.0488281, 1.36684)
step: 51	0.31875	(0.0508008, 1.37541)
step: 52	0.325	(0.0528125, 1.38403)
step: 53	0.33125	(0.0548633, 1.39271)
step: 54	0.3375	(0.0569531, 1.40144)
step: 55	0.34375	(0.059082, 1.41023)
step: 56	0.35	(0.06125, 1.41907)
step: 57	0.35625	(0.063457, 1.42796)
step: 58	0.3625	(0.0657031, 1.43692)
step: 59	0.36875	(0.0679883, 1.44593)
step: 60	0.375	(0.0703125, 1.45499)
step: 61	0.38125	(0.0726758, 1.46411)
step: 62	0.3875	(0.0750781, 1.47329)
step: 63	0.39375	(0.0775195, 1.48253)
step: 64	0.4	(0.08, 1.49182)
step: 65	0.40625	(0.0825195, 1.50118)
step: 66	0.4125	(0.0850781, 1.51059)
step: 67	0.41875	(0.0876758, 1.52006)
step: 68	0.425	(0.0903125, 1.52959)
step: 69	0.43125	(0.0929883, 1.53918)
step: 70	0.4375	(0.0957031, 1.54883)
step: 71	0.44375	(0.098457, 1.55854)
step: 72	0.45	(0.10125, 1.56831)
step: 73	0.45625	(0.104082, 1.57814)
step: 74	0.4625	(0.106953, 1.58804)
step: 75	0.46875	(0.109863, 1.598)
step: 76	0.475	(0.112812, 1.60801)
step: 77	0.48125	(0.115801, 1.6181)
step: 78	0.4875	(0.118828, 1.62824)
step: 79	0.49375	(0.121895, 1.63845)
step: 80	0.5	(0.125, 1.64872)
step: 81	0.50625	(0.128145, 1.65906)
step: 82	0.5125	(0.131328, 1.66946)
step: 83	0.51875	(0.134551, 1.67993)
step: 84	0.525	(0.137813, 1.69046)
step: 85	0.53125	(0.141113, 1.70106)
step: 86	0.5375	(0.144453, 1.71172)
step: 87	0.54375	(0.147832, 1.72245)
step: 88	0.55	(0.15125, 1.73325)
step: 89	0.55625	(0.154707, 1.74412)
step: 90	0.5625	(0.158203, 1.75505)
step: 91	0.56875	(0.161738, 1.76606)
step: 92	0.575	(0.165313, 1.77713)
step: 93	0.58125	(0.168926, 1.78827)
step: 94	0.5875	(0.172578, 1.79948)
step: 95	0.59375	(0.17627, 1.81077)
step: 96	0.6	(0.18, 1.82212)
step: 97	0.60625	(0.18377, 1.83354)
step: 98	0.6125	(0.187578, 1.84504)
step: 99	0.61875	(0.191426, 1.85661)
step: 100	0.625	(0.195313, 1.86825)
step: 101	0.63125	(0.199238, 1.87996)
step: 102	0.6375	(0.203203, 1.89175)
step: 103	0.64375	(0.207207, 1.90361)
step: 104	0.65	(0.21125, 1.91554)
step: 105	0.65625	(0.215332, 1.92755)
step: 106	0.6625	(0.219453, 1.93964)
step: 107	0.66875	(0.223613, 1.9518)
step: 108	0.675	(0.227813, 1.96403)
step: 109	0.68125	(0.232051, 1.97635)
step: 110	0.6875	(0.236328, 1.98874)
step: 111	0.69375	(0.240645, 2.00121)
step: 112	0.7	(0.245, 2.01375)
step: 113	0.70625	(0.249395, 2.02638)
step: 114	0.7125	(0.253828, 2.03908)
step: 115	0.71875	(0.258301, 2.05187)
step: 116	0.725	(0.262813, 2.06473)
step: 117	0.73125	(0.267363, 2.07768)
step: 118	0.7375	(0.271953, 2.0907)
step: 119	0.74375	(0.276582, 2.10381)
step: 120	0.75	(0.28125, 2.117)
step: 121	0.75625	(0.285957, 2.13027)
step: 122	0.7625	(0.290703, 2.14363)
step: 123	0.76875	(0.295488, 2.15707)
step: 124	0.775	(0.300312, 2.17059)
step: 125	0.78125	(0.305176, 2.1842)
step: 126	0.7875	(0.310078, 2.19789)
step: 127	0.79375	(0.31502, 2.21167)
step: 128	0.8	(0.32, 2.22554)
step: 129	0.80625	(0.32502, 2.23949)
step: 130	0.8125	(0.330078, 2.25353)
step: 131	0.81875	(0.335176, 2.26766)
step: 132	0.825	(0.340313, 2.28188)
step: 133	0.83125	(0.345488, 2.29619)
step: 134	0.8375	(0.350703, 2.31058)
step: 135	0.84375	(0.355957, 2.32507)
step: 136	0.85	(0.36125, 2.33965)
step: 137	0.85625	(0.366582, 2.35432)
step: 138	0.8625	(0.371953, 2.36908)
step: 139	0.86875	(0.377363, 2.38393)
step: 140	0.875	(0.382813, 2.39888)
step: 141	0.88125	(0.388301, 2.41392)
step: 142	0.8875	(0.393828, 2.42905)
step: 143	0.89375	(0.399395, 2.44428)
step: 144	0.9	(0.405, 2.4596)
step: 145	0.90625	(0.410645, 2.47502)
step: 146	0.9125	(0.416328, 2.49054)
step: 147	0.91875	(0.422051, 2.50616)
step: 148	0.925	(0.427812, 2.52187)
step: 149	0.93125	(0.433613, 2.53768)
step: 150	0.9375	(0.439453, 2.55359)
step: 151	0.94375	(0.445332, 2.5696)
step: 152	0.95	(0.45125, 2.58571)
step: 153	0.95625	(0.457207, 2.60192)
step: 154	0.9625	(0.463203, 2.61823)
step: 155	0.96875	(0.469238, 2.63465)
step: 156	0.975	(0.475313, 2.65117)
step: 157	0.98125	(0.481426, 2.66779)
step: 158	0.9875	(0.487578, 2.68451)
step: 159	0.99375	(0.49377, 2.70135)
step: 160	1	(0.5, 2.71828)
